0 fry  [ 111.43629, 81.18012, 0.0 ] 0 [ 111.43629, 81.18012, 0.0 ]
0 leela  [ 230.70067, 75.932106, 0.0 ] 1 [ 230.70067, 75.932106, 0.0 ]
0 bender  [ 57.73535, 38.784912, 0.0 ] 2 [ 57.73535, 38.784912, 0.0 ]
0 cut  [ 88.53792, 23.814486, 0.0 ] 3 [ 88.53792, 23.814486, 0.0 ]
0 farnsworth  [ 39.07589, 51.780342, 0.0 ] 4 [ 39.07589, 51.780342, 0.0 ]
0 look  [ 138.66478, 164.56686, 0.0 ] 5 [ 138.66478, 164.56686, 0.0 ]
0 around  [ 118.63732, 207.3314, 0.0 ] 6 [ 118.63732, 207.3314, 0.0 ]
0 planet  [ 179.29704, 188.45871, 0.0 ] 7 [ 179.29704, 188.45871, 0.0 ]
0 job  [ 166.694, 39.681755, 0.0 ] 8 [ 166.694, 39.681755, 0.0 ]
0 new  [ 152.23563, 72.08517, 0.0 ] 9 [ 124.0, 113.0, 0.0 ]
0 head  [ 76.779526, 178.2291, 0.0 ] 10 [ 104.0, 129.0, 0.0 ]
0 man  [ 92.11979, 101.70774, 0.0 ] 11 [ 128.0, 90.0, 0.0 ]
0 crowd  [ 86.25298, 61.47341, 0.0 ] 12 [ 64.0, 126.0, 0.0 ]
0 great  [ 206.98529, 49.37172, 0.0 ] 13 [ 152.0, 117.0, 0.0 ]
0 open  [ 160.52736, 15.774261, 0.0 ] 14 [ 128.0, 89.0, 0.0 ]
1 fry  [ 103.246056, 91.816246, 0.0 ] 0 [ 103.246056, 91.816246, 0.0 ]
1 leela  [ 231.36847, 75.26006, 0.0 ] 1 [ 231.36847, 75.26006, 0.0 ]
1 bender  [ 58.051247, 38.810318, 0.0 ] 2 [ 58.051247, 38.810318, 0.0 ]
1 amy  [ 197.59196, 86.29462, 0.0 ] 3 [ 197.59196, 86.29462, 0.0 ]
1 cut  [ 94.468666, 23.710546, 0.0 ] 4 [ 94.468666, 23.710546, 0.0 ]
1 look  [ 139.40797, 162.02927, 0.0 ] 5 [ 139.40797, 162.02927, 0.0 ]
1 like  [ 168.86908, 32.751396, 0.0 ] 6 [ 168.86908, 32.751396, 0.0 ]
1 planet  [ 185.77043, 193.13005, 0.0 ] 7 [ 185.77043, 193.13005, 0.0 ]
1 around  [ 110.81809, 202.05241, 0.0 ] 8 [ 110.81809, 202.05241, 0.0 ]
1 farnsworth  [ 39.55871, 51.81075, 0.0 ] 9 [ 39.55871, 51.81075, 0.0 ]
1 get  [ 86.57233, 171.66696, 0.0 ] 10 [ 86.57233, 171.66696, 0.0 ]
1 moon  [ 81.87449, 64.533516, 0.0 ] 11 [ 105.0, 111.0, 0.0 ]
1 park  [ 27.039497, 168.58087, 0.0 ] 12 [ 105.0, 125.0, 0.0 ]
1 farmer  [ 65.95296, 8.358231, 0.0 ] 13 [ 101.0, 112.0, 0.0 ]
1 express  [ 34.159065, 201.77368, 0.0 ] 14 [ 61.0, 128.0, 0.0 ]
2 fry  [ 112.14593, 77.17254, 0.0 ] 0 [ 112.14593, 77.17254, 0.0 ]
2 bender  [ 59.418716, 38.858746, 0.0 ] 1 [ 59.418716, 38.858746, 0.0 ]
2 leela  [ 231.58867, 85.57113, 0.0 ] 2 [ 231.58867, 85.57113, 0.0 ]
2 come  [ 135.66464, 190.68556, 0.0 ] 3 [ 135.66464, 190.68556, 0.0 ]
2 back  [ 145.33, 156.04774, 0.0 ] 4 [ 145.33, 156.04774, 0.0 ]
2 robot  [ 145.91934, 59.188324, 0.0 ] 5 [ 145.91934, 59.188324, 0.0 ]
2 just  [ 35.28218, 158.21912, 0.0 ] 6 [ 35.28218, 158.21912, 0.0 ]
2 oh  [ 106.08503, 47.622597, 0.0 ] 7 [ 106.08503, 47.622597, 0.0 ]
2 get  [ 102.20602, 163.79102, 0.0 ] 8 [ 102.20602, 163.79102, 0.0 ]
2 human  [ 157.4029, 176.23013, 0.0 ] 9 [ 157.4029, 176.23013, 0.0 ]
2 apartment  [ 106.493645, 30.884483, 0.0 ] 10 [ 110.0, 114.0, 0.0 ]
2 tv  [ 116.153, 202.26404, 0.0 ] 11 [ 110.0, 121.0, 0.0 ]
2 hey  [ 29.934586, 108.969604, 0.0 ] 12 [ 123.0, 97.0, 0.0 ]
2 calculon  [ -25.688225, 88.76228, 0.0 ] 13 [ 60.0, 128.0, 0.0 ]
2 walk  [ 184.23813, 75.973724, 0.0 ] 14 [ 153.0, 118.0, 0.0 ]
3 leela  [ 238.05464, 85.878525, 0.0 ] 0 [ 238.05464, 85.878525, 0.0 ]
3 fry  [ 113.57659, 93.10793, 0.0 ] 1 [ 113.57659, 93.10793, 0.0 ]
3 bender  [ 58.678833, 38.859535, 0.0 ] 2 [ 58.678833, 38.859535, 0.0 ]
3 just  [ 40.138145, 154.2263, 0.0 ] 3 [ 40.138145, 154.2263, 0.0 ]
3 planet  [ 173.92784, 181.46266, 0.0 ] 4 [ 173.92784, 181.46266, 0.0 ]
3 cut  [ 94.06405, 23.392998, 0.0 ] 5 [ 94.06405, 23.392998, 0.0 ]
3 amy  [ 189.04594, 90.62302, 0.0 ] 6 [ 189.04594, 90.62302, 0.0 ]
3 back  [ 146.38553, 148.21071, 0.0 ] 7 [ 146.38553, 148.21071, 0.0 ]
3 zapp  [ 110.07045, 50.720776, 0.0 ] 8 [ 96.0, 101.0, 0.0 ]
3 kif  [ 99.39746, 133.21078, 0.0 ] 9 [ 111.0, 104.0, 0.0 ]
3 ship  [ 109.73264, 198.79436, 0.0 ] 10 [ 110.0, 106.0, 0.0 ]
3 animal  [ -22.225037, 119.596466, 0.0 ] 11 [ 60.0, 125.0, 0.0 ]
3 nimbus  [ 214.0779, 99.523384, 0.0 ] 12 [ 173.0, 90.0, 0.0 ]
3 captain  [ 156.23517, 34.34884, 0.0 ] 13 [ 129.0, 91.0, 0.0 ]
3 vergon  [ 92.26219, 66.98276, 0.0 ] 14 [ 125.0, 96.0, 0.0 ]
4 robot  [ 146.03342, 46.48376, 0.0 ] 0 [ 146.03342, 46.48376, 0.0 ]
4 fry  [ 115.77492, 94.59495, 0.0 ] 1 [ 115.77492, 94.59495, 0.0 ]
4 bender  [ 60.549854, 30.028685, 0.0 ] 2 [ 60.549854, 30.028685, 0.0 ]
4 leela  [ 231.67633, 89.65052, 0.0 ] 3 [ 231.67633, 89.65052, 0.0 ]
4 human  [ 154.45232, 202.8767, 0.0 ] 4 [ 154.45232, 202.8767, 0.0 ]
4 like  [ 168.99638, 21.323822, 0.0 ] 5 [ 168.99638, 21.323822, 0.0 ]
4 just  [ 34.493862, 159.5148, 0.0 ] 6 [ 34.493862, 159.5148, 0.0 ]
4 oh  [ 106.65053, 47.69031, 0.0 ] 7 [ 106.65053, 47.69031, 0.0 ]
4 come  [ 136.73473, 162.98027, 0.0 ] 8 [ 136.73473, 162.98027, 0.0 ]
4 get  [ 85.18186, 177.74773, 0.0 ] 9 [ 85.18186, 177.74773, 0.0 ]
4 now  [ 213.54005, 99.621666, 0.0 ] 10 [ 213.54005, 99.621666, 0.0 ]
4 farnsworth  [ 40.040504, 51.84053, 0.0 ] 11 [ 40.040504, 51.84053, 0.0 ]
4 elder  [ 129.22531, 187.88364, 0.0 ] 12 [ 148.0, 85.0, 0.0 ]
4 go  [ 90.82308, 148.5499, 0.0 ] 13 [ 114.0, 127.0, 0.0 ]
4 blue  [ 160.57191, 177.74068, 0.0 ] 14 [ 117.0, 113.0, 0.0 ]
5 governor  [ 96.01674, 85.81532, 0.0 ] 0 [ 96.01674, 85.81532, 0.0 ]
5 make  [ 133.0651, 109.71808, 0.0 ] 1 [ 133.0651, 109.71808, 0.0 ]
5 going  [ 153.54384, 140.57458, 0.0 ] 2 [ 153.54384, 140.57458, 0.0 ]
5 now  [ 240.99994, 89.821144, 0.0 ] 3 [ 240.99994, 89.821144, 0.0 ]
5 romney  [ 72.357086, 84.532135, 0.0 ] 4 [ 72.357086, 84.532135, 0.0 ]
5 got  [ 57.831295, 29.414948, 0.0 ] 5 [ 57.831295, 29.414948, 0.0 ]
5 know  [ 192.43916, 184.7422, 0.0 ] 6 [ 192.43916, 184.7422, 0.0 ]
5 cut  [ 122.59491, 29.86195, 0.0 ] 7 [ 122.59491, 29.86195, 0.0 ]
5 people  [ 182.26384, 62.007587, 0.0 ] 8 [ 182.26384, 62.007587, 0.0 ]
5 want  [ 204.44759, 38.058014, 0.0 ] 9 [ 204.44759, 38.058014, 0.0 ]
5 just  [ 40.321648, 155.8386, 0.0 ] 10 [ 40.321648, 155.8386, 0.0 ]
5 sure  [ 36.40464, 61.793167, 0.0 ] 11 [ 36.40464, 61.793167, 0.0 ]
5 tax  [ 133.56705, 171.63477, 0.0 ] 12 [ 133.56705, 171.63477, 0.0 ]
5 think  [ 104.128, 201.85727, 0.0 ] 13 [ 118.0, 110.0, 0.0 ]
5 way  [ 111.35062, 228.68259, 0.0 ] 14 [ 101.0, 125.0, 0.0 ]
6 make  [ 137.14635, 102.6967, 0.0 ] 0 [ 137.14635, 102.6967, 0.0 ]
6 going  [ 151.39534, 134.86295, 0.0 ] 1 [ 151.39534, 134.86295, 0.0 ]
6 governor  [ 87.229935, 77.82705, 0.0 ] 2 [ 87.229935, 77.82705, 0.0 ]
6 sure  [ 37.42014, 60.04356, 0.0 ] 3 [ 37.42014, 60.04356, 0.0 ]
6 want  [ 228.4598, 64.08743, 0.0 ] 4 [ 228.4598, 64.08743, 0.0 ]
6 job  [ 152.17009, 38.530525, 0.0 ] 5 [ 152.17009, 38.530525, 0.0 ]
6 romney  [ 65.72984, 84.44269, 0.0 ] 6 [ 65.72984, 84.44269, 0.0 ]
6 now  [ 249.20868, 92.81386, 0.0 ] 7 [ 249.20868, 92.81386, 0.0 ]
6 just  [ 34.225147, 160.75949, 0.0 ] 8 [ 34.225147, 160.75949, 0.0 ]
6 also  [ 120.78619, 171.08757, 0.0 ] 9 [ 120.78619, 171.08757, 0.0 ]
6 got  [ 59.998634, 26.758833, 0.0 ] 10 [ 59.998634, 26.758833, 0.0 ]
6 year  [ 89.32976, 198.24736, 0.0 ] 11 [ 89.32976, 198.24736, 0.0 ]
6 get  [ 94.2016, 140.31224, 0.0 ] 12 [ 94.2016, 140.31224, 0.0 ]
6 tax  [ 186.71964, 170.96735, 0.0 ] 13 [ 186.71964, 170.96735, 0.0 ]
6 people  [ 212.6741, 41.8987, 0.0 ] 14 [ 212.6741, 41.8987, 0.0 ]
7 make  [ 138.75604, 106.63799, 0.0 ] 0 [ 138.75604, 106.63799, 0.0 ]
7 going  [ 155.63127, 140.6842, 0.0 ] 1 [ 155.63127, 140.6842, 0.0 ]
7 sure  [ 40.28842, 57.123814, 0.0 ] 2 [ 40.28842, 57.123814, 0.0 ]
7 governor  [ 96.72934, 83.81902, 0.0 ] 3 [ 96.72934, 83.81902, 0.0 ]
7 now  [ 255.1231, 87.46033, 0.0 ] 4 [ 255.1231, 87.46033, 0.0 ]
7 also  [ 122.749466, 176.94325, 0.0 ] 5 [ 122.749466, 176.94325, 0.0 ]
7 got  [ 60.490173, 23.034006, 0.0 ] 6 [ 60.490173, 23.034006, 0.0 ]
7 just  [ 42.01435, 168.82062, 0.0 ] 7 [ 42.01435, 168.82062, 0.0 ]
7 know  [ 191.71666, 182.73103, 0.0 ] 8 [ 191.71666, 182.73103, 0.0 ]
7 world  [ 132.43674, 62.99701, 0.0 ] 9 [ 132.43674, 62.99701, 0.0 ]
7 american  [ 133.42368, 41.865616, 0.0 ] 10 [ 104.0, 113.0, 0.0 ]
7 need  [ 75.59292, 136.77705, 0.0 ] 11 [ 99.0, 127.0, 0.0 ]
7 leadership  [ 125.47109, 21.968414, 0.0 ] 12 [ 94.0, 112.0, 0.0 ]
7 kind  [ 91.40106, 205.10638, 0.0 ] 13 [ 64.0, 121.0, 0.0 ]
7 china  [ 74.97143, 161.37881, 0.0 ] 14 [ 144.0, 117.0, 0.0 ]
8 people  [ 187.53824, 84.50462, 0.0 ] 0 [ 187.53824, 84.50462, 0.0 ]
8 get  [ 84.42062, 176.45987, 0.0 ] 1 [ 84.42062, 176.45987, 0.0 ]
8 going  [ 160.03427, 138.35988, 0.0 ] 2 [ 160.03427, 138.35988, 0.0 ]
8 president  [ 119.05616, 25.626793, 0.0 ] 3 [ 119.05616, 25.626793, 0.0 ]
8 tax  [ 170.02444, 171.38971, 0.0 ] 4 [ 170.02444, 171.38971, 0.0 ]
8 cut  [ 52.47767, 17.733402, 0.0 ] 5 [ 52.47767, 17.733402, 0.0 ]
8 one  [ 142.13336, 60.83006, 0.0 ] 6 [ 142.13336, 60.83006, 0.0 ]
8 year  [ 87.8107, 150.61353, 0.0 ] 7 [ 87.8107, 150.61353, 0.0 ]
8 job  [ 160.16829, 26.85958, 0.0 ] 8 [ 160.16829, 26.85958, 0.0 ]
8 number  [ 37.26957, 131.8448, 0.0 ] 9 [ 37.26957, 131.8448, 0.0 ]
8 just  [ 40.117718, 156.33095, 0.0 ] 10 [ 40.117718, 156.33095, 0.0 ]
8 plan  [ 176.96956, 57.207035, 0.0 ] 11 [ 125.0, 106.0, 0.0 ]
8 government  [ 9.180061, 111.30745, 0.0 ] 12 [ 83.0, 130.0, 0.0 ]
8 medicare  [ 144.76306, -46.20925, 0.0 ] 13 [ 128.0, 70.0, 0.0 ]
8 state  [ 41.11112, 83.3497, 0.0 ] 14 [ 60.0, 123.0, 0.0 ]
9 people  [ 188.18988, 76.349686, 0.0 ] 0 [ 188.18988, 76.349686, 0.0 ]
9 get  [ 83.4651, 181.19775, 0.0 ] 1 [ 83.4651, 181.19775, 0.0 ]
9 year  [ 75.17686, 147.14603, 0.0 ] 2 [ 75.17686, 147.14603, 0.0 ]
9 president  [ 117.25524, 29.146008, 0.0 ] 3 [ 117.25524, 29.146008, 0.0 ]
9 job  [ 156.68428, 31.307346, 0.0 ] 4 [ 156.68428, 31.307346, 0.0 ]
9 going  [ 171.84743, 135.81992, 0.0 ] 5 [ 171.84743, 135.81992, 0.0 ]
9 make  [ 149.24936, 111.18879, 0.0 ] 6 [ 149.24936, 111.18879, 0.0 ]
9 want  [ 225.38077, 51.218685, 0.0 ] 7 [ 225.38077, 51.218685, 0.0 ]
9 one  [ 92.31529, 70.028534, 0.0 ] 8 [ 92.31529, 70.028534, 0.0 ]
9 america  [ 80.44624, 11.659718, 0.0 ] 9 [ 80.44624, 11.659718, 0.0 ]
9 four  [ 175.51872, 168.4417, 0.0 ] 10 [ 146.0, 89.0, 0.0 ]
9 percent  [ 15.774963, 124.596466, 0.0 ] 11 [ 98.0, 130.0, 0.0 ]
9 last  [ 65.78935, 68.5056, 0.0 ] 12 [ 125.0, 95.0, 0.0 ]
9 country  [ 5.555111, 157.14917, 0.0 ] 13 [ 62.0, 126.0, 0.0 ]
9 question  [ 197.72589, 179.74591, 0.0 ] 14 [ 140.0, 118.0, 0.0 ]
10 going  [ 156.92622, 140.7897, 0.0 ] 0 [ 156.92622, 140.7897, 0.0 ]
10 world  [ 129.99251, 57.151485, 0.0 ] 1 [ 129.99251, 57.151485, 0.0 ]
10 president  [ 105.604935, 31.65633, 0.0 ] 2 [ 105.604935, 31.65633, 0.0 ]
10 make  [ 152.44579, 112.342316, 0.0 ] 3 [ 152.44579, 112.342316, 0.0 ]
10 year  [ 99.42162, 182.14583, 0.0 ] 4 [ 99.42162, 182.14583, 0.0 ]
10 want  [ 230.18079, 54.01815, 0.0 ] 5 [ 230.18079, 54.01815, 0.0 ]
10 people  [ 191.07085, 87.04703, 0.0 ] 6 [ 191.07085, 87.04703, 0.0 ]
10 get  [ 75.592316, 148.25003, 0.0 ] 7 [ 75.592316, 148.25003, 0.0 ]
10 number  [ 10.954333, 123.27998, 0.0 ] 8 [ 10.954333, 123.27998, 0.0 ]
10 america  [ 95.471565, 11.912364, 0.0 ] 9 [ 95.471565, 11.912364, 0.0 ]
10 sure  [ 36.765438, 44.00563, 0.0 ] 10 [ 36.765438, 44.00563, 0.0 ]
10 military  [ 134.34781, 33.4757, 0.0 ] 11 [ 119.0, 112.0, 0.0 ]
10 well  [ 130.51872, 204.4417, 0.0 ] 12 [ 101.0, 125.0, 0.0 ]
10 see  [ -9.644646, 147.23145, 0.0 ] 13 [ 106.0, 109.0, 0.0 ]
10 nation  [ 16.095074, 181.87607, 0.0 ] 14 [ 60.0, 124.0, 0.0 ]
