0 GOVERNOR  [ 107.9253, 109.36948, 0.0 ] 0 [ 107.9253, 109.36948, 0.0 ]
0 MAKE  [ 159.3596, 123.07071, 0.0 ] 1 [ 159.3596, 123.07071, 0.0 ]
0 GOING  [ 91.59332, 76.14428, 0.0 ] 2 [ 91.59332, 76.14428, 0.0 ]
0 NOW  [ 127.72135, 89.461075, 0.0 ] 3 [ 127.72135, 89.461075, 0.0 ]
0 ROMNEY  [ 194.39769, 24.581213, 0.0 ] 4 [ 194.39769, 24.581213, 0.0 ]
0 GOT  [ 132.0132, 69.202805, 0.0 ] 5 [ 132.0132, 69.202805, 0.0 ]
0 KNOW  [ 92.78371, 169.0425, 0.0 ] 6 [ 92.78371, 169.0425, 0.0 ]
0 PEOPLE  [ 179.23663, 130.63884, 0.0 ] 7 [ 179.23663, 130.63884, 0.0 ]
0 THINK  [ 180.59071, 153.9551, 0.0 ] 8 [ 180.59071, 153.9551, 0.0 ]
0 JUST  [ 112.14819, 133.49896, 0.0 ] 9 [ 112.14819, 133.49896, 0.0 ]
0 SURE  [ 76.620834, 150.61977, 0.0 ] 10 [ 76.620834, 150.61977, 0.0 ]
0 WANT  [ 225.58318, 115.56205, 0.0 ] 11 [ 225.58318, 115.56205, 0.0 ]
0 TAX  [ 144.12965, 52.156116, 0.0 ] 12 [ 144.12965, 52.156116, 0.0 ]
0 WELL  [ 98.85817, 154.28856, 0.0 ] 13 [ 98.85817, 154.28856, 0.0 ]
0 WAY  [ 209.98671, 61.213764, 0.0 ] 14 [ 209.98671, 61.213764, 0.0 ]
0 PLAN  [ 146.50099, 37.529987, 0.0 ] 15 [ 146.50099, 37.529987, 0.0 ]
0 ALSO  [ 180.74979, 169.4683, 0.0 ] 16 [ 180.74979, 169.4683, 0.0 ]
0 SYSTEM  [ 78.74241, 44.896202, 0.0 ] 17 [ 78.74241, 44.896202, 0.0 ]
0 BUSINESSES  [ 221.65019, 146.11787, 0.0 ] 18 [ 221.65019, 146.11787, 0.0 ]
0 DEFICIT  [ 56.033817, 56.743076, 0.0 ] 19 [ 56.033817, 56.743076, 0.0 ]
0 CUT  [ 51.48549, 135.23007, 0.0 ] 20 [ 51.48549, 135.23007, 0.0 ]
0 TRILLION  [ 226.09378, 55.732475, 0.0 ] 21 [ 226.09378, 55.732475, 0.0 ]
0 YEARS  [ 84.074265, 32.941727, 0.0 ] 22 [ 84.074265, 32.941727, 0.0 ]
0 LIKE  [ 53.722416, 108.08199, 0.0 ] 23 [ 53.722416, 108.08199, 0.0 ]
0 SMALL  [ 145.92476, 25.640156, 0.0 ] 24 [ 145.92476, 25.640156, 0.0 ]
0 THINGS  [ 235.85182, 65.259674, 0.0 ] 25 [ 235.85182, 65.259674, 0.0 ]
0 TAXES  [ 29.440731, 157.04681, 0.0 ] 26 [ 29.440731, 157.04681, 0.0 ]
0 JOBS  [ 182.41823, 183.64287, 0.0 ] 27 [ 182.41823, 183.64287, 0.0 ]
0 RIGHT  [ 92.65935, 21.58991, 0.0 ] 28 [ 92.65935, 21.58991, 0.0 ]
0 TAKE  [ 48.132195, 67.613785, 0.0 ] 29 [ 48.132195, 67.613785, 0.0 ]
0 HELP  [ 228.69019, 169.90845, 0.0 ] 30 [ 228.69019, 169.90845, 0.0 ]
0 CUTS  [ 73.343094, 204.23077, 0.0 ] 31 [ 73.343094, 204.23077, 0.0 ]
0 EDUCATION  [ 245.99365, 46.483097, 0.0 ] 32 [ 245.99365, 46.483097, 0.0 ]
0 BACK  [ 64.66571, 15.792849, 0.0 ] 33 [ 64.66571, 15.792849, 0.0 ]
0 FOLKS  [ 201.52063, 210.71405, 0.0 ] 34 [ 201.52063, 210.71405, 0.0 ]
0 GO  [ 197.3226, 188.22957, 0.0 ] 35 [ 197.3226, 188.22957, 0.0 ]
0 ABLE  [ 191.87282, 12.553822, 0.0 ] 36 [ 191.87282, 12.553822, 0.0 ]
0 ONE  [ 45.86055, 122.12352, 0.0 ] 37 [ 45.86055, 122.12352, 0.0 ]
0 AMERICAN  [ 76.43434, 68.046715, 0.0 ] 38 [ 76.43434, 68.046715, 0.0 ]
0 GETTING  [ 247.24152, 187.45648, 0.0 ] 39 [ 247.24152, 187.45648, 0.0 ]
0 REASON  [ 209.84584, 36.942795, 0.0 ] 40 [ 209.84584, 36.942795, 0.0 ]
0 FAMILIES  [ 246.79123, 157.93451, 0.0 ] 41 [ 246.79123, 157.93451, 0.0 ]
0 COMPANIES  [ 78.49924, 216.99002, 0.0 ] 42 [ 78.49924, 216.99002, 0.0 ]
0 LET  [ 43.766773, 169.35254, 0.0 ] 43 [ 43.766773, 169.35254, 0.0 ]
0 STATES  [ 95.97815, 186.04219, 0.0 ] 44 [ 95.97815, 186.04219, 0.0 ]
0 MAKING  [ 38.05802, 65.47942, 0.0 ] 45 [ 38.05802, 65.47942, 0.0 ]
0 FACT  [ 25.793978, 41.54689, 0.0 ] 46 [ 25.793978, 41.54689, 0.0 ]
0 BELIEVE  [ 26.582455, 65.6043, 0.0 ] 47 [ 26.582455, 65.6043, 0.0 ]
0 COMES  [ 249.8873, 129.72226, 0.0 ] 48 [ 249.8873, 129.72226, 0.0 ]
0 GET  [ 114.84456, 195.74118, 0.0 ] 49 [ 114.84456, 195.74118, 0.0 ]
0 TIME  [ 257.95776, 33.4736, 0.0 ] 50 [ 257.95776, 33.4736, 0.0 ]
0 SPENDING  [ 110.15613, 125.431114, 0.0 ] 51 [ 110.15613, 125.431114, 0.0 ]
0 GREAT  [ 249.90048, 138.30739, 0.0 ] 52 [ 249.90048, 138.30739, 0.0 ]
0 FIRST  [ 33.41818, 113.0611, 0.0 ] 53 [ 33.41818, 113.0611, 0.0 ]
0 DIFFERENCE  [ 22.871014, 113.05283, 0.0 ] 54 [ 22.871014, 113.05283, 0.0 ]
0 PAY  [ 170.03008, 201.40215, 0.0 ] 55 [ 170.03008, 201.40215, 0.0 ]
0 IMPORTANT  [ 28.481848, 185.3185, 0.0 ] 56 [ 28.481848, 185.3185, 0.0 ]
0 PERCENT  [ 32.138428, 192.32993, 0.0 ] 57 [ 32.138428, 192.32993, 0.0 ]
0 MEANS  [ 247.44254, 107.90399, 0.0 ] 58 [ 247.44254, 107.90399, 0.0 ]
0 TWO  [ 284.58676, 119.735825, 0.0 ] 59 [ 284.58676, 119.735825, 0.0 ]
0 EVERY  [ 255.6636, 89.18542, 0.0 ] 60 [ 255.6636, 89.18542, 0.0 ]
0 PROGRAM  [ 231.54091, 24.832829, 0.0 ] 61 [ 231.54091, 24.832829, 0.0 ]
0 JOB  [ 147.01134, 201.40633, 0.0 ] 62 [ 147.01134, 201.40633, 0.0 ]
0 NEW  [ 257.21802, 79.02495, 0.0 ] 63 [ 257.21802, 79.02495, 0.0 ]
0 AMERICA  [ 31.066525, 200.84323, 0.0 ] 64 [ 31.066525, 200.84323, 0.0 ]
0 MADE  [ 269.5043, 45.284454, 0.0 ] 65 [ 269.5043, 45.284454, 0.0 ]
0 WORK  [ 30.347557, 32.254105, 0.0 ] 66 [ 30.347557, 32.254105, 0.0 ]
0 MEDICARE  [ 106.378654, 9.549904, 0.0 ] 67 [ 124.0, 118.0, 0.0 ]
0 CARE  [ 139.7307, 215.58055, 0.0 ] 68 [ 122.0, 113.0, 0.0 ]
0 MONEY  [ 58.54759, 226.69391, 0.0 ] 69 [ 112.0, 116.0, 0.0 ]
0 INSURANCE  [ 10.336655, 107.62909, 0.0 ] 70 [ 77.0, 98.0, 0.0 ]
0 HEALTH  [ 242.94235, 170.23204, 0.0 ] 71 [ 152.0, 122.0, 0.0 ]
0 REVENUE  [ 123.421875, -1.9027939, 0.0 ] 72 [ 129.0, 93.0, 0.0 ]
0 APPROACH  [ 69.68544, 240.9815, 0.0 ] 73 [ 108.0, 124.0, 0.0 ]
0 OPPORTUNITY  [ 180.93471, 4.8577347, 0.0 ] 74 [ 121.0, 103.0, 0.0 ]
0 MIDDLE-CLASS  [ 156.21947, 214.45438, 0.0 ] 75 [ 182.0, 113.0, 0.0 ]
0 ROMNEY'S  [ 248.53221, 203.66852, 0.0 ] 76 [ 197.0, 127.0, 0.0 ]
0 LOOPHOLES  [ 181.94601, -4.7466507, 0.0 ] 77 [ 148.0, 107.0, 0.0 ]
0 CLASS  [ 81.01123, -8.996628, 0.0 ] 78 [ 143.0, 93.0, 0.0 ]
0 TOP  [ -9.522308, 89.91733, 0.0 ] 79 [ 96.0, 108.0, 0.0 ]
0 MIDDLE  [ 128.12933, 228.57906, 0.0 ] 80 [ 148.0, 97.0, 0.0 ]
0 SENIORS  [ -1.7731705, 55.650852, 0.0 ] 81 [ 87.0, 117.0, 0.0 ]
0 DEDUCTIONS  [ 168.06834, 246.89041, 0.0 ] 82 [ 147.0, 125.0, 0.0 ]
0 COSTS  [ 291.575, 80.749435, 0.0 ] 83 [ 209.0, 96.0, 0.0 ]
0 GOVERNMENT  [ 168.56618, 234.89859, 0.0 ] 84 [ 113.0, 124.0, 0.0 ]
0 PROBLEM  [ 107.22632, -10.777744, 0.0 ] 85 [ 112.0, 49.0, 0.0 ]
0 MEDICAID  [ 191.56956, 223.58936, 0.0 ] 86 [ 152.0, 140.0, 0.0 ]
0 LOOK  [ 173.01627, -18.135315, 0.0 ] 87 [ 144.0, 105.0, 0.0 ]
0 TALKING  [ 172.75098, 254.56372, 0.0 ] 88 [ 146.0, 128.0, 0.0 ]
0 INVESTMENTS  [ 119.9344, -20.663742, 0.0 ] 89 [ 115.0, 97.0, 0.0 ]
0 TALK  [ 40.75988, 212.66412, 0.0 ] 90 [ 64.0, 147.0, 0.0 ]
0 MILLION  [ 111.65081, 59.513176, 0.0 ] 91 [ 107.0, 95.0, 0.0 ]
0 REPLACE  [ 234.70065, 16.3639, 0.0 ] 92 [ 148.0, 123.0, 0.0 ]
0 BEST  [ 261.26324, 206.74548, 0.0 ] 93 [ 182.0, 111.0, 0.0 ]
0 BIG  [ 112.325874, 83.42352, 0.0 ] 94 [ 169.0, 109.0, 0.0 ]
0 POINT  [ 137.34924, -31.490845, 0.0 ] 95 [ 142.0, 111.0, 0.0 ]
0 ALREADY  [ 281.29395, 65.816864, 0.0 ] 96 [ 160.0, 98.0, 0.0 ]
0 GIVE  [ 62.621765, 75.46459, 0.0 ] 97 [ 142.0, 98.0, 0.0 ]
0 REPEAL  [ 256.45392, 223.42508, 0.0 ] 98 [ 170.0, 134.0, 0.0 ]
0 CORPORATE  [ 0.5780029, 107.69954, 0.0 ] 99 [ 68.0, 80.0, 0.0 ]
1 GOING  [ 83.61292, 76.7675, 0.0 ] 0 [ 83.61292, 76.7675, 0.0 ]
1 MAKE  [ 156.13513, 123.80981, 0.0 ] 1 [ 156.13513, 123.80981, 0.0 ]
1 GOVERNOR  [ 103.1144, 109.16753, 0.0 ] 2 [ 103.1144, 109.16753, 0.0 ]
1 SURE  [ 116.241425, 148.91084, 0.0 ] 3 [ 116.241425, 148.91084, 0.0 ]
1 ROMNEY  [ 190.65712, 21.012804, 0.0 ] 4 [ 190.65712, 21.012804, 0.0 ]
1 WANT  [ 227.18768, 117.377075, 0.0 ] 5 [ 227.18768, 117.377075, 0.0 ]
1 NOW  [ 122.40629, 89.41277, 0.0 ] 6 [ 122.40629, 89.41277, 0.0 ]
1 JUST  [ 104.624344, 126.538284, 0.0 ] 7 [ 104.624344, 126.538284, 0.0 ]
1 JOBS  [ 184.44948, 170.61531, 0.0 ] 8 [ 184.44948, 170.61531, 0.0 ]
1 ALSO  [ 180.01865, 152.02675, 0.0 ] 9 [ 180.01865, 152.02675, 0.0 ]
1 GOT  [ 128.82486, 69.31271, 0.0 ] 10 [ 128.82486, 69.31271, 0.0 ]
1 TAX  [ 141.03497, 46.870983, 0.0 ] 11 [ 141.03497, 46.870983, 0.0 ]
1 PEOPLE  [ 179.70183, 134.45468, 0.0 ] 12 [ 179.70183, 134.45468, 0.0 ]
1 GET  [ 67.769325, 201.73131, 0.0 ] 13 [ 67.769325, 201.73131, 0.0 ]
1 YEARS  [ 82.72841, 45.345963, 0.0 ] 14 [ 82.72841, 45.345963, 0.0 ]
1 THINK  [ 205.78432, 170.4948, 0.0 ] 15 [ 205.78432, 170.4948, 0.0 ]
1 FOLKS  [ 205.35214, 194.69142, 0.0 ] 16 [ 205.35214, 194.69142, 0.0 ]
1 ECONOMY  [ 206.87091, 99.52839, 0.0 ] 17 [ 206.87091, 99.52839, 0.0 ]
1 WELL  [ 69.91026, 171.21516, 0.0 ] 18 [ 69.91026, 171.21516, 0.0 ]
1 ONE  [ 45.270664, 133.17343, 0.0 ] 19 [ 45.270664, 133.17343, 0.0 ]
1 WAY  [ 206.1977, 58.576927, 0.0 ] 20 [ 206.1977, 58.576927, 0.0 ]
1 LIKE  [ 46.966824, 104.48418, 0.0 ] 21 [ 46.966824, 104.48418, 0.0 ]
1 FUTURE  [ 142.60191, 37.960014, 0.0 ] 22 [ 142.60191, 37.960014, 0.0 ]
1 GO  [ 157.7086, 211.63058, 0.0 ] 23 [ 157.7086, 211.63058, 0.0 ]
1 EDUCATION  [ 239.3921, 40.522602, 0.0 ] 24 [ 239.3921, 40.522602, 0.0 ]
1 WORLD  [ 227.20311, 108.83572, 0.0 ] 25 [ 227.20311, 108.83572, 0.0 ]
1 DONE  [ 89.36197, 66.38161, 0.0 ] 26 [ 89.36197, 66.38161, 0.0 ]
1 MAKING  [ 46.705547, 57.55204, 0.0 ] 27 [ 46.705547, 57.55204, 0.0 ]
1 FAMILIES  [ 242.33592, 153.43456, 0.0 ] 28 [ 242.33592, 153.43456, 0.0 ]
1 COMPANIES  [ 58.306213, 193.58334, 0.0 ] 29 [ 58.306213, 193.58334, 0.0 ]
1 KNOW  [ 75.58165, 183.49182, 0.0 ] 30 [ 75.58165, 183.49182, 0.0 ]
1 BELIEVE  [ 36.94411, 64.966736, 0.0 ] 31 [ 36.94411, 64.966736, 0.0 ]
1 AMERICAN  [ 80.09903, 37.129913, 0.0 ] 32 [ 80.09903, 37.129913, 0.0 ]
1 NEED  [ 46.80914, 120.907845, 0.0 ] 33 [ 46.80914, 120.907845, 0.0 ]
1 NEW  [ 256.7761, 86.04374, 0.0 ] 34 [ 256.7761, 86.04374, 0.0 ]
1 PRESIDENT  [ 89.46579, 59.404316, 0.0 ] 35 [ 89.46579, 59.404316, 0.0 ]
1 CHINA  [ 246.49431, 135.66565, 0.0 ] 36 [ 246.49431, 135.66565, 0.0 ]
1 PERCENT  [ 28.61127, 184.41072, 0.0 ] 37 [ 28.61127, 184.41072, 0.0 ]
1 DEFICIT  [ 40.947296, 46.144646, 0.0 ] 38 [ 40.947296, 46.144646, 0.0 ]
1 RIGHT  [ 95.07839, 26.69876, 0.0 ] 39 [ 95.07839, 26.69876, 0.0 ]
1 THINGS  [ 227.38426, 57.65204, 0.0 ] 40 [ 227.38426, 57.65204, 0.0 ]
1 FIRST  [ 35.46784, 110.14977, 0.0 ] 41 [ 35.46784, 110.14977, 0.0 ]
1 CUTS  [ 34.2, 211.29028, 0.0 ] 42 [ 34.2, 211.29028, 0.0 ]
1 DIFFERENCE  [ 28.227684, 108.14579, 0.0 ] 43 [ 28.227684, 108.14579, 0.0 ]
1 PAY  [ 257.31866, 191.84698, 0.0 ] 44 [ 257.31866, 191.84698, 0.0 ]
1 TAXES  [ 45.912704, 153.20497, 0.0 ] 45 [ 45.912704, 153.20497, 0.0 ]
1 LAST  [ 180.35306, 125.043396, 0.0 ] 46 [ 180.35306, 125.043396, 0.0 ]
1 BUSINESSES  [ 225.46207, 146.7498, 0.0 ] 47 [ 225.46207, 146.7498, 0.0 ]
1 MEANS  [ 247.43057, 76.80693, 0.0 ] 48 [ 247.43057, 76.80693, 0.0 ]
1 TWO  [ 264.50583, 162.46951, 0.0 ] 49 [ 264.50583, 162.46951, 0.0 ]
1 ABLE  [ 207.00795, 25.533823, 0.0 ] 50 [ 207.00795, 25.533823, 0.0 ]
1 GREAT  [ 261.21985, 172.98997, 0.0 ] 51 [ 261.21985, 172.98997, 0.0 ]
1 CONTINUE  [ 184.32443, 65.28002, 0.0 ] 52 [ 184.32443, 65.28002, 0.0 ]
1 WORKERS  [ 146.18307, 30.651371, 0.0 ] 53 [ 146.18307, 30.651371, 0.0 ]
1 JOB  [ 136.28069, 211.65962, 0.0 ] 54 [ 136.28069, 211.65962, 0.0 ]
1 CUT  [ 41.11302, 163.2551, 0.0 ] 55 [ 41.11302, 163.2551, 0.0 ]
1 SYSTEM  [ 55.44468, 25.971493, 0.0 ] 56 [ 55.44468, 25.971493, 0.0 ]
1 SECURITY  [ 149.02484, 151.31924, 0.0 ] 57 [ 149.02484, 151.31924, 0.0 ]
1 TRILLION  [ 219.33763, 56.959923, 0.0 ] 58 [ 219.33763, 56.959923, 0.0 ]
1 PUT  [ 56.21687, 82.48606, 0.0 ] 59 [ 56.21687, 82.48606, 0.0 ]
1 SMALL  [ 206.44249, 40.08499, 0.0 ] 60 [ 206.44249, 40.08499, 0.0 ]
1 FACT  [ 22.46727, 34.351902, 0.0 ] 61 [ 22.46727, 34.351902, 0.0 ]
1 EVERY  [ 259.59, 67.83205, 0.0 ] 62 [ 259.59, 67.83205, 0.0 ]
1 NATION  [ 27.098177, 45.906918, 0.0 ] 63 [ 27.098177, 45.906918, 0.0 ]
1 NUMBER  [ 30.554985, 175.60585, 0.0 ] 64 [ 30.554985, 175.60585, 0.0 ]
1 PLAN  [ 206.99838, 48.053883, 0.0 ] 65 [ 206.99838, 48.053883, 0.0 ]
1 HELP  [ 269.31107, 191.85489, 0.0 ] 66 [ 269.31107, 191.85489, 0.0 ]
1 GETTING  [ 254.84589, 184.21298, 0.0 ] 67 [ 254.84589, 184.21298, 0.0 ]
1 KEEP  [ 299.34143, 128.71126, 0.0 ] 68 [ 299.34143, 128.71126, 0.0 ]
1 IMPORTANT  [ 22.975334, 202.11581, 0.0 ] 69 [ 22.975334, 202.11581, 0.0 ]
1 COMES  [ 273.0954, 108.989655, 0.0 ] 70 [ 273.0954, 108.989655, 0.0 ]
1 ENERGY  [ 98.50437, 12.127068, 0.0 ] 71 [ 130.0, 117.0, 0.0 ]
1 COUNTRY  [ 88.128, 226.85727, 0.0 ] 72 [ 102.0, 135.0, 0.0 ]
1 YOUNG  [ 14.567802, 63.644947, 0.0 ] 73 [ 131.0, 96.0, 0.0 ]
1 OIL  [ -4.6458893, 149.67068, 0.0 ] 74 [ 71.0, 127.0, 0.0 ]
1 GAS  [ 175.75644, -8.842743, 0.0 ] 75 [ 174.0, 109.0, 0.0 ]
1 ISSUE  [ 146.47408, -29.15068, 0.0 ] 76 [ 151.0, 81.0, 0.0 ]
1 EVERYBODY  [ 59.971577, 238.07397, 0.0 ] 77 [ 106.0, 124.0, 0.0 ]
1 WOMEN  [ 83.20433, 1.9468613, 0.0 ] 78 [ 129.0, 101.0, 0.0 ]
1 PART  [ 207.48633, 216.00381, 0.0 ] 79 [ 163.0, 144.0, 0.0 ]
1 CANDY  [ 182.40031, 229.70486, 0.0 ] 80 [ 173.0, 152.0, 0.0 ]
1 ACTUALLY  [ 191.53601, 3.7129364, 0.0 ] 81 [ 148.0, 107.0, 0.0 ]
1 NEXT  [ 160.43692, -15.441521, 0.0 ] 82 [ 142.0, 94.0, 0.0 ]
1 CREATE  [ 39.032722, 14.802849, 0.0 ] 83 [ 92.0, 110.0, 0.0 ]
1 GOOD  [ 127.83464, 237.33209, 0.0 ] 84 [ 133.0, 114.0, 0.0 ]
1 COLLEGE  [ -18.291656, 132.94475, 0.0 ] 85 [ 87.0, 117.0, 0.0 ]
1 COME  [ 170.27725, 246.00078, 0.0 ] 86 [ 158.0, 123.0, 0.0 ]
1 FOUR  [ 252.211, 56.941284, 0.0 ] 87 [ 191.0, 109.0, 0.0 ]
1 AROUND  [ 34.731308, 222.12305, 0.0 ] 88 [ 118.0, 124.0, 0.0 ]
1 PRODUCTION  [ 74.052734, -9.182026, 0.0 ] 89 [ 109.0, 49.0, 0.0 ]
1 WANTS  [ 102.54759, 249.69391, 0.0 ] 90 [ 156.0, 139.0, 0.0 ]
1 COAL  [ 253.10126, 42.4788, 0.0 ] 91 [ 144.0, 105.0, 0.0 ]
1 TERMS  [ 146.6184, 260.15213, 0.0 ] 92 [ 147.0, 127.0, 0.0 ]
1 WORKING  [ 99.01132, -19.854088, 0.0 ] 93 [ 118.0, 97.0, 0.0 ]
1 IMMIGRATION  [ 2.3132935, 193.3551, 0.0 ] 94 [ 60.0, 149.0, 0.0 ]
1 EVEN  [ 64.016174, -20.253075, 0.0 ] 95 [ 118.0, 86.0, 0.0 ]
1 NATURAL  [ 295.19684, 58.84222, 0.0 ] 96 [ 166.0, 105.0, 0.0 ]
1 BILL  [ 207.14159, 12.801613, 0.0 ] 97 [ 184.0, 111.0, 0.0 ]
1 ECONOMIC  [ 250.55762, 31.050919, 0.0 ] 98 [ 152.0, 117.0, 0.0 ]
1 TRADE  [ 192.49173, -12.789276, 0.0 ] 99 [ 142.0, 112.0, 0.0 ]
2 MAKE  [ 158.5797, 121.47914, 0.0 ] 0 [ 158.5797, 121.47914, 0.0 ]
2 GOING  [ 93.15298, 77.86463, 0.0 ] 1 [ 93.15298, 77.86463, 0.0 ]
2 SURE  [ 124.97098, 150.21243, 0.0 ] 2 [ 124.97098, 150.21243, 0.0 ]
2 GOVERNOR  [ 111.91142, 106.83089, 0.0 ] 3 [ 111.91142, 106.83089, 0.0 ]
2 NOW  [ 121.19058, 85.87607, 0.0 ] 4 [ 121.19058, 85.87607, 0.0 ]
2 ALSO  [ 182.50981, 157.20203, 0.0 ] 5 [ 182.50981, 157.20203, 0.0 ]
2 GOT  [ 135.1418, 66.667854, 0.0 ] 6 [ 135.1418, 66.667854, 0.0 ]
2 JUST  [ 113.48264, 131.04823, 0.0 ] 7 [ 113.48264, 131.04823, 0.0 ]
2 KNOW  [ 65.54061, 180.90402, 0.0 ] 8 [ 65.54061, 180.90402, 0.0 ]
2 NEED  [ 40.10527, 124.54438, 0.0 ] 9 [ 40.10527, 124.54438, 0.0 ]
2 AMERICAN  [ 83.27096, 47.946587, 0.0 ] 10 [ 83.27096, 47.946587, 0.0 ]
2 ROMNEY  [ 194.30028, 36.590153, 0.0 ] 11 [ 194.30028, 36.590153, 0.0 ]
2 WORLD  [ 187.13046, 121.86953, 0.0 ] 12 [ 187.13046, 121.86953, 0.0 ]
2 CHINA  [ 220.22643, 132.89969, 0.0 ] 13 [ 220.22643, 132.89969, 0.0 ]
2 PEOPLE  [ 180.99037, 145.54552, 0.0 ] 14 [ 180.99037, 145.54552, 0.0 ]
2 WAY  [ 206.16907, 60.276764, 0.0 ] 15 [ 206.16907, 60.276764, 0.0 ]
2 TAKE  [ 60.252983, 66.77896, 0.0 ] 16 [ 60.252983, 66.77896, 0.0 ]
2 JOBS  [ 181.38257, 174.31686, 0.0 ] 17 [ 181.38257, 174.31686, 0.0 ]
2 DONE  [ 88.4776, 65.51726, 0.0 ] 18 [ 88.4776, 65.51726, 0.0 ]
2 MAKING  [ 48.26361, 69.638275, 0.0 ] 19 [ 48.26361, 69.638275, 0.0 ]
2 AMERICA  [ 40.661743, 195.5196, 0.0 ] 20 [ 40.661743, 195.5196, 0.0 ]
2 THINK  [ 197.4129, 174.408, 0.0 ] 21 [ 197.4129, 174.408, 0.0 ]
2 ABLE  [ 200.86949, 19.328135, 0.0 ] 22 [ 200.86949, 19.328135, 0.0 ]
2 YEARS  [ 81.94369, 34.085217, 0.0 ] 23 [ 81.94369, 34.085217, 0.0 ]
2 FIRST  [ 28.385221, 108.599464, 0.0 ] 24 [ 28.385221, 108.599464, 0.0 ]
2 ONE  [ 56.150784, 139.35646, 0.0 ] 25 [ 56.150784, 139.35646, 0.0 ]
2 BACK  [ 69.31958, 25.89887, 0.0 ] 26 [ 69.31958, 25.89887, 0.0 ]
2 WORK  [ 23.777027, 39.300507, 0.0 ] 27 [ 23.777027, 39.300507, 0.0 ]
2 WANT  [ 218.6029, 112.51387, 0.0 ] 28 [ 218.6029, 112.51387, 0.0 ]
2 WELL  [ 83.27224, 169.9898, 0.0 ] 29 [ 83.27224, 169.9898, 0.0 ]
2 COMES  [ 265.96198, 105.533455, 0.0 ] 30 [ 265.96198, 105.533455, 0.0 ]
2 GET  [ 89.476105, 205.85655, 0.0 ] 31 [ 89.476105, 205.85655, 0.0 ]
2 RIGHT  [ 91.066696, 23.328661, 0.0 ] 32 [ 91.066696, 23.328661, 0.0 ]
2 HELP  [ 246.78113, 175.15451, 0.0 ] 33 [ 246.78113, 175.15451, 0.0 ]
2 EDUCATION  [ 244.02437, 48.109818, 0.0 ] 34 [ 244.02437, 48.109818, 0.0 ]
2 KEEP  [ 291.82516, 135.2661, 0.0 ] 35 [ 291.82516, 135.2661, 0.0 ]
2 BUSINESSES  [ 238.42244, 147.19608, 0.0 ] 36 [ 238.42244, 147.19608, 0.0 ]
2 STATES  [ 45.51033, 208.86731, 0.0 ] 37 [ 45.51033, 208.86731, 0.0 ]
2 LIKE  [ 61.516632, 112.703255, 0.0 ] 38 [ 61.516632, 112.703255, 0.0 ]
2 ECONOMY  [ 217.53288, 105.8093, 0.0 ] 39 [ 217.53288, 105.8093, 0.0 ]
2 NATION  [ 25.068043, 50.80781, 0.0 ] 40 [ 25.068043, 50.80781, 0.0 ]
2 TIME  [ 232.88696, 32.15597, 0.0 ] 41 [ 232.88696, 32.15597, 0.0 ]
2 SECURITY  [ 150.3363, 152.01106, 0.0 ] 42 [ 150.3363, 152.01106, 0.0 ]
2 GO  [ 198.10515, 187.02797, 0.0 ] 43 [ 198.10515, 187.02797, 0.0 ]
2 FACT  [ 35.845757, 55.354008, 0.0 ] 44 [ 35.845757, 55.354008, 0.0 ]
2 THINGS  [ 226.43788, 65.444664, 0.0 ] 45 [ 226.43788, 65.444664, 0.0 ]
2 NUMBER  [ 30.708582, 170.97757, 0.0 ] 46 [ 30.708582, 170.97757, 0.0 ]
2 REASON  [ 244.39497, 26.174074, 0.0 ] 47 [ 244.39497, 26.174074, 0.0 ]
2 COMPANIES  [ 55.535305, 164.28877, 0.0 ] 48 [ 55.535305, 164.28877, 0.0 ]
2 PRESIDENT  [ 98.66964, 58.810112, 0.0 ] 49 [ 98.66964, 58.810112, 0.0 ]
2 LAST  [ 127.24949, 121.15994, 0.0 ] 50 [ 127.24949, 121.15994, 0.0 ]
2 PUT  [ 33.086777, 27.231579, 0.0 ] 51 [ 33.086777, 27.231579, 0.0 ]
2 FUTURE  [ 140.7693, 39.9785, 0.0 ] 52 [ 140.7693, 39.9785, 0.0 ]
2 DEFICIT  [ 43.918335, 17.691824, 0.0 ] 53 [ 43.918335, 17.691824, 0.0 ]
2 TWO  [ 252.74347, 155.80684, 0.0 ] 54 [ 252.74347, 155.80684, 0.0 ]
2 EVERY  [ 257.62112, 82.69101, 0.0 ] 55 [ 257.62112, 82.69101, 0.0 ]
2 PROGRAM  [ 244.41138, 18.404434, 0.0 ] 56 [ 244.41138, 18.404434, 0.0 ]
2 CONTINUE  [ 187.90886, 63.560616, 0.0 ] 57 [ 187.90886, 63.560616, 0.0 ]
2 WORKERS  [ 149.08731, 31.89645, 0.0 ] 58 [ 149.08731, 31.89645, 0.0 ]
2 SPENDING  [ 50.43473, 153.53947, 0.0 ] 59 [ 50.43473, 153.53947, 0.0 ]
2 LET  [ 36.78758, 179.09465, 0.0 ] 60 [ 36.78758, 179.09465, 0.0 ]
2 MADE  [ 254.83719, 48.542053, 0.0 ] 61 [ 254.83719, 48.542053, 0.0 ]
2 LEADERSHIP  [ 149.34187, 216.74736, 0.0 ] 62 [ 117.0, 118.0, 0.0 ]
2 MILITARY  [ 109.963554, 231.19217, 0.0 ] 63 [ 101.0, 134.0, 0.0 ]
2 IRAQ  [ 95.97212, 5.253319, 0.0 ] 64 [ 117.0, 113.0, 0.0 ]
2 KIND  [ -21.633896, 127.424065, 0.0 ] 65 [ 68.0, 127.0, 0.0 ]
2 IRAN  [ 186.27725, 228.00078, 0.0 ] 66 [ 174.0, 105.0, 0.0 ]
2 ISRAEL  [ 141.36037, 18.863998, 0.0 ] 67 [ 131.0, 92.0, 0.0 ]
2 NUCLEAR  [ -10.5513, 154.55789, 0.0 ] 68 [ 107.0, 123.0, 0.0 ]
2 REGION  [ 149.14159, 2.8016129, 0.0 ] 69 [ 126.0, 101.0, 0.0 ]
2 OFFICE  [ 259.6193, 167.22282, 0.0 ] 70 [ 180.0, 121.0, 0.0 ]
2 COUNTRIES  [ 203.57458, 230.95663, 0.0 ] 71 [ 162.0, 153.0, 0.0 ]
2 CAME  [ 285.07977, 38.307976, 0.0 ] 72 [ 171.0, 91.0, 0.0 ]
2 WHETHER  [ 12.355286, 64.976135, 0.0 ] 73 [ 143.0, 85.0, 0.0 ]
2 AFGHANISTAN  [ 96.02529, -6.071686, 0.0 ] 74 [ 85.0, 111.0, 0.0 ]
2 TROOPS  [ 96.69747, 221.51828, 0.0 ] 75 [ 147.0, 95.0, 0.0 ]
2 SANCTIONS  [ 33.020794, 8.902451, 0.0 ] 76 [ 83.0, 117.0, 0.0 ]
2 AMERICANS  [ 249.35637, 124.554665, 0.0 ] 77 [ 147.0, 125.0, 0.0 ]
2 WAR  [ 156.05273, 50.817974, 0.0 ] 78 [ 191.0, 109.0, 0.0 ]
2 LONG  [ 48.268135, 221.03256, 0.0 ] 79 [ 122.0, 123.0, 0.0 ]
2 POLICIES  [ 115.8307, -17.218254, 0.0 ] 80 [ 111.0, 48.0, 0.0 ]
2 INTERNATIONAL  [ 111.66237, 259.38803, 0.0 ] 81 [ 142.0, 140.0, 0.0 ]
2 UNITED  [ 168.4959, -8.1870575, 0.0 ] 82 [ 139.0, 105.0, 0.0 ]
2 HOME  [ 207.07867, 202.48459, 0.0 ] 83 [ 146.0, 127.0, 0.0 ]
2 OVERSEAS  [ 204.92097, 6.7302322, 0.0 ] 84 [ 116.0, 96.0, 0.0 ]
2 RESPECT  [ -9.028572, 191.37881, 0.0 ] 85 [ 60.0, 147.0, 0.0 ]
2 PLACE  [ 76.68785, 68.14657, 0.0 ] 86 [ 118.0, 82.0, 0.0 ]
2 BUDGET  [ 124.86902, 244.26538, 0.0 ] 87 [ 147.0, 123.0, 0.0 ]
2 AGO  [ 282.62482, 93.34269, 0.0 ] 88 [ 182.0, 111.0, 0.0 ]
2 CLEAR  [ 275.1148, 168.97623, 0.0 ] 89 [ 170.0, 102.0, 0.0 ]
2 THROUGHOUT  [ 4.01622, 71.85176, 0.0 ] 90 [ 155.0, 89.0, 0.0 ]
2 ALWAYS  [ 218.20967, -3.1702194, 0.0 ] 91 [ 161.0, 97.0, 0.0 ]
2 EXAMPLE  [ 135.68347, -26.499191, 0.0 ] 92 [ 127.0, 108.0, 0.0 ]
2 WRONG  [ 287.43243, 191.01236, 0.0 ] 93 [ 188.0, 116.0, 0.0 ]
2 STILL  [ -9.969681, 46.59479, 0.0 ] 94 [ 62.0, 94.0, 0.0 ]
2 STAND  [ 181.46916, -27.17337, 0.0 ] 95 [ 147.0, 79.0, 0.0 ]
2 RECOGNIZE  [ 39.867065, 233.99751, 0.0 ] 96 [ 111.0, 118.0, 0.0 ]
2 PRESSURE  [ 49.52891, 241.31543, 0.0 ] 97 [ 109.0, 127.0, 0.0 ]
2 DECADE  [ 201.51872, 245.4417, 0.0 ] 98 [ 172.0, 166.0, 0.0 ]
2 TRUE  [ 186.29123, 135.55936, 0.0 ] 99 [ 123.0, 154.0, 0.0 ]
