0 FRY  [ 65.8116, 76.14351, 0.0 ] 0 [ 65.8116, 76.14351, 0.0 ]
0 LEELA  [ 270.1306, 68.27851, 0.0 ] 1 [ 270.1306, 68.27851, 0.0 ]
0 BENDER  [ 31.516762, 29.516945, 0.0 ] 2 [ 31.516762, 29.516945, 0.0 ]
0 CUT  [ 109.735825, 167.56303, 0.0 ] 3 [ 109.735825, 167.56303, 0.0 ]
0 FARNSWORTH  [ 11.213916, 39.80279, 0.0 ] 4 [ 11.213916, 39.80279, 0.0 ]
0 AROUND  [ 82.30443, 36.405144, 0.0 ] 5 [ 82.30443, 36.405144, 0.0 ]
0 PLANET  [ 110.395, 53.462082, 0.0 ] 6 [ 110.395, 53.462082, 0.0 ]
0 LIKE  [ 122.97027, 205.7871, 0.0 ] 7 [ 122.97027, 205.7871, 0.0 ]
0 NEW  [ 193.18695, 48.046043, 0.0 ] 8 [ 121.0, 111.0, 0.0 ]
0 MAN  [ 83.11979, 115.70774, 0.0 ] 9 [ 119.0, 104.0, 0.0 ]
0 GREAT  [ 146.42891, 147.82492, 0.0 ] 10 [ 103.0, 113.0, 0.0 ]
0 CROWD  [ 33.159065, 200.77368, 0.0 ] 11 [ 60.0, 127.0, 0.0 ]
0 OUTSIDE  [ 118.991394, 19.632904, 0.0 ] 12 [ 134.0, 119.0, 0.0 ]
0 HEAD  [ 116.26807, -0.16883087, 0.0 ] 13 [ 125.0, 90.0, 0.0 ]
0 TIME  [ 39.677094, 220.64291, 0.0 ] 14 [ 107.0, 118.0, 0.0 ]
1 FRY  [ 66.559944, 76.14446, 0.0 ] 0 [ 66.559944, 76.14446, 0.0 ]
1 LEELA  [ 269.22803, 66.72518, 0.0 ] 1 [ 269.22803, 66.72518, 0.0 ]
1 BENDER  [ 32.263855, 29.515768, 0.0 ] 2 [ 32.263855, 29.515768, 0.0 ]
1 AMY  [ 124.33038, 143.9578, 0.0 ] 3 [ 124.33038, 143.9578, 0.0 ]
1 CUT  [ 111.54273, 176.3533, 0.0 ] 4 [ 111.54273, 176.3533, 0.0 ]
1 LIKE  [ 124.68865, 208.46608, 0.0 ] 5 [ 124.68865, 208.46608, 0.0 ]
1 PLANET  [ 108.39361, 45.77542, 0.0 ] 6 [ 108.39361, 45.77542, 0.0 ]
1 FARNSWORTH  [ 11.963161, 39.803432, 0.0 ] 7 [ 11.963161, 39.803432, 0.0 ]
1 AROUND  [ 80.27854, 26.416998, 0.0 ] 8 [ 80.27854, 26.416998, 0.0 ]
1 GET  [ 209.23921, 39.132954, 0.0 ] 9 [ 209.23921, 39.132954, 0.0 ]
1 MOON  [ 133.4959, -4.1870575, 0.0 ] 10 [ 104.0, 109.0, 0.0 ]
1 FARMER  [ 87.76718, 111.5285, 0.0 ] 11 [ 120.0, 79.0, 0.0 ]
1 PARK  [ 45.53301, -5.8364105, 0.0 ] 12 [ 100.0, 109.0, 0.0 ]
1 EXPRESS  [ 21.862514, 218.49124, 0.0 ] 13 [ 57.0, 127.0, 0.0 ]
1 LOOK  [ 211.76602, 72.89078, 0.0 ] 14 [ 171.0, 91.0, 0.0 ]
2 FRY  [ 67.182495, 76.14529, 0.0 ] 0 [ 67.182495, 76.14529, 0.0 ]
2 BENDER  [ 17.787483, 3.9401808, 0.0 ] 1 [ 17.787483, 3.9401808, 0.0 ]
2 LEELA  [ 270.6723, 67.474236, 0.0 ] 2 [ 270.6723, 67.474236, 0.0 ]
2 BACK  [ 147.57388, 143.17732, 0.0 ] 3 [ 147.57388, 143.17732, 0.0 ]
2 JUST  [ 171.80441, 147.60812, 0.0 ] 4 [ 171.80441, 147.60812, 0.0 ]
2 OH  [ 97.54133, 143.33058, 0.0 ] 5 [ 97.54133, 143.33058, 0.0 ]
2 ROBOT  [ 124.26592, 56.42879, 0.0 ] 6 [ 124.26592, 56.42879, 0.0 ]
2 GET  [ 210.23732, 39.101303, 0.0 ] 7 [ 210.23732, 39.101303, 0.0 ]
2 PLANET  [ 107.27264, 40.963764, 0.0 ] 8 [ 107.27264, 40.963764, 0.0 ]
2 APARTMENT  [ 230.46033, 69.72324, 0.0 ] 9 [ 151.0, 55.0, 0.0 ]
2 TV  [ 83.92358, 171.26207, 0.0 ] 10 [ 105.0, 122.0, 0.0 ]
2 HEY  [ 82.46404, 11.648888, 0.0 ] 11 [ 107.0, 109.0, 0.0 ]
2 CALCULON  [ 66.37414, 218.72064, 0.0 ] 12 [ 53.0, 127.0, 0.0 ]
2 WELL  [ 186.5506, 168.96295, 0.0 ] 13 [ 173.0, 95.0, 0.0 ]
2 HERMES  [ 147.83914, 22.864388, 0.0 ] 14 [ 119.0, 91.0, 0.0 ]
3 LEELA  [ 266.52435, 48.98921, 0.0 ] 0 [ 266.52435, 48.98921, 0.0 ]
3 FRY  [ 67.51318, 76.145744, 0.0 ] 1 [ 67.51318, 76.145744, 0.0 ]
3 BENDER  [ 28.146626, 20.929457, 0.0 ] 2 [ 28.146626, 20.929457, 0.0 ]
3 JUST  [ 172.78616, 147.61212, 0.0 ] 3 [ 172.78616, 147.61212, 0.0 ]
3 CUT  [ 111.003746, 177.04477, 0.0 ] 4 [ 111.003746, 177.04477, 0.0 ]
3 AMY  [ 102.76684, 147.61967, 0.0 ] 5 [ 102.76684, 147.61967, 0.0 ]
3 PLANET  [ 109.67358, 46.716118, 0.0 ] 6 [ 109.67358, 46.716118, 0.0 ]
3 BACK  [ 190.41893, 177.7884, 0.0 ] 7 [ 190.41893, 177.7884, 0.0 ]
3 LIKE  [ 124.82449, 207.12628, 0.0 ] 8 [ 124.82449, 207.12628, 0.0 ]
3 ZAPP  [ 58.519028, -6.9195557, 0.0 ] 9 [ 83.0, 100.0, 0.0 ]
3 KIF  [ 158.29123, 96.55936, 0.0 ] 10 [ 95.0, 115.0, 0.0 ]
3 ANIMALS  [ 76.367065, 101.80625, 0.0 ] 11 [ 128.0, 73.0, 0.0 ]
3 NIMBUS  [ 30.484869, 203.58755, 0.0 ] 12 [ 59.0, 127.0, 0.0 ]
3 SHIP  [ 179.23813, 74.973724, 0.0 ] 13 [ 148.0, 117.0, 0.0 ]
3 VERGON  [ 196.6524, 42.92557, 0.0 ] 14 [ 119.0, 91.0, 0.0 ]
4 FRY  [ 67.762566, 76.14606, 0.0 ] 0 [ 67.762566, 76.14606, 0.0 ]
4 BENDER  [ 28.403349, 20.942225, 0.0 ] 1 [ 28.403349, 20.942225, 0.0 ]
4 ROBOT  [ 120.72812, 37.856194, 0.0 ] 2 [ 120.72812, 37.856194, 0.0 ]
4 LEELA  [ 275.5853, 78.18225, 0.0 ] 3 [ 275.5853, 78.18225, 0.0 ]
4 LIKE  [ 125.156456, 207.12628, 0.0 ] 4 [ 125.156456, 207.12628, 0.0 ]
4 JUST  [ 173.28065, 147.61424, 0.0 ] 5 [ 173.28065, 147.61424, 0.0 ]
4 OH  [ 98.5364, 143.32889, 0.0 ] 6 [ 98.5364, 143.32889, 0.0 ]
4 GET  [ 212.90878, 16.43083, 0.0 ] 7 [ 212.90878, 16.43083, 0.0 ]
4 FARNSWORTH  [ 12.586799, 39.803974, 0.0 ] 8 [ 12.586799, 39.803974, 0.0 ]
4 HUMANS  [ 101.39939, 174.24991, 0.0 ] 9 [ 105.0, 113.0, 0.0 ]
4 ROBOTS  [ 77.501114, 118.0775, 0.0 ] 10 [ 120.0, 81.0, 0.0 ]
4 HUMAN  [ 69.46404, 13.648888, 0.0 ] 11 [ 94.0, 111.0, 0.0 ]
4 ELDER  [ 32.219475, 225.45438, 0.0 ] 12 [ 58.0, 124.0, 0.0 ]
4 GO  [ 183.67929, 107.36854, 0.0 ] 13 [ 158.0, 116.0, 0.0 ]
4 MAYOR  [ 204.64096, 87.95313, 0.0 ] 14 [ 124.0, 91.0, 0.0 ]
