0 SOMEONE  [ 48.33105, 95.05959, 0.0 ] 0 [ 48.33105, 95.05959, 0.0 ]
0 HEAR  [ 12.655046, 41.136574, 0.0 ] 1 [ 12.655046, 41.136574, 0.0 ]
0 INTERNET  [ 279.37668, 47.147488, 0.0 ] 2 [ 279.37668, 47.147488, 0.0 ]
0 UNDERSTAND  [ 80.496216, 129.42947, 0.0 ] 3 [ 74.0, 114.0, 0.0 ]
0 THINGS  [ 82.17368, 150.05258, 0.0 ] 4 [ 77.0, 126.0, 0.0 ]
0 BACKS  [ 84.049904, 63.950893, 0.0 ] 5 [ 86.0, 108.0, 0.0 ]
0 ALMOST  [ 38.277477, 177.42519, 0.0 ] 6 [ 47.0, 122.0, 0.0 ]
0 WONDERING  [ 80.761734, 40.59899, 0.0 ] 7 [ 88.0, 117.0, 0.0 ]
0 DPI  [ 112.493645, -3.1155167, 0.0 ] 8 [ 116.0, 80.0, 0.0 ]
0 INCORRECT  [ 78.41255, 204.6907, 0.0 ] 9 [ 66.0, 117.0, 0.0 ]
0 DIFFERENT  [ 107.01627, -27.135315, 0.0 ] 10 [ 78.0, 96.0, 0.0 ]
0 PLEASE  [ 128.37415, 226.72064, 0.0 ] 11 [ 115.0, 135.0, 0.0 ]
0 PPI  [ 253.26323, 203.74548, 0.0 ] 12 [ 174.0, 108.0, 0.0 ]
0 STRAIGHTEN  [ 196.9096, 8.604652, 0.0 ] 13 [ 86.0, 101.0, 0.0 ]
0 PEOPLE  [ -17.845612, 8.778877, 0.0 ] 14 [ 90.0, 99.0, 0.0 ]
1 JUST  [ 92.316, 93.12546, 0.0 ] 0 [ 92.316, 93.12546, 0.0 ]
1 SOMEONE  [ 46.716873, 65.54736, 0.0 ] 1 [ 46.716873, 65.54736, 0.0 ]
1 WEEK  [ 120.72061, 144.45132, 0.0 ] 2 [ 120.72061, 144.45132, 0.0 ]
1 PHOTOGRAPHY  [ 71.572754, 46.73699, 0.0 ] 3 [ 71.572754, 46.73699, 0.0 ]
1 AMAZING  [ 92.88405, 175.39194, 0.0 ] 4 [ 92.88405, 175.39194, 0.0 ]
1 TAKE  [ 131.48776, 200.4002, 0.0 ] 5 [ 131.48776, 200.4002, 0.0 ]
1 TIME  [ 107.526695, 13.702819, 0.0 ] 6 [ 107.526695, 13.702819, 0.0 ]
1 SHOOT  [ 236.68509, 76.20352, 0.0 ] 7 [ 144.0, 49.0, 0.0 ]
1 SOMETHING  [ 82.7307, 231.58055, 0.0 ] 8 [ 65.0, 129.0, 0.0 ]
1 PROJECT  [ 0.15670013, 145.37112, 0.0 ] 9 [ 86.0, 108.0, 0.0 ]
1 PHONE  [ 15.310287, 25.652225, 0.0 ] 10 [ 73.0, 71.0, 0.0 ]
1 MAKING  [ 269.85797, 51.94285, 0.0 ] 11 [ 168.0, 61.0, 0.0 ]
1 @SAZI  [ 60.204334, -15.053139, 0.0 ] 12 [ 106.0, 84.0, 0.0 ]
1 MEDEA  [ -3.4060974, 202.80798, 0.0 ] 13 [ 82.0, 115.0, 0.0 ]
1 WELL  [ 170.57227, -22.150581, 0.0 ] 14 [ 101.0, 93.0, 0.0 ]
3 HTTP://T.CO/LAVZFU6L  [ 56.0, 115.0, 0.0 ] 0 [ 55.0, 115.0, 0.0 ]
3 WTF  [ 108.56119, 132.62125, 0.0 ] 1 [ 113.0, 82.0, 0.0 ]
6 JUST  [ 93.31536, 93.12709, 0.0 ] 0 [ 93.31536, 93.12709, 0.0 ]
6 KNOW  [ 92.389145, 142.0724, 0.0 ] 1 [ 92.389145, 142.0724, 0.0 ]
6 HELP  [ 106.65083, 63.49631, 0.0 ] 2 [ 106.65083, 63.49631, 0.0 ]
6 GOT  [ 215.39806, 52.623962, 0.0 ] 3 [ 215.39806, 52.623962, 0.0 ]
6 @NATALIATAFFAREL  [ 32.02777, 181.41544, 0.0 ] 4 [ 36.0, 112.0, 0.0 ]
6 NIGHT  [ 82.41449, 202.79233, 0.0 ] 5 [ 69.0, 119.0, 0.0 ]
6 LATE  [ 88.761734, 30.598991, 0.0 ] 6 [ 96.0, 107.0, 0.0 ]
6 HTTP://T.CO/EWGJA93Y  [ 68.41829, -3.7497368, 0.0 ] 7 [ 76.0, 34.0, 0.0 ]
6 ARTICLES  [ 91.378654, 8.549904, 0.0 ] 8 [ 109.0, 117.0, 0.0 ]
6 LOOK  [ 37.85176, 78.76017, 0.0 ] 9 [ 142.0, 57.0, 0.0 ]
6 QUOTES  [ 66.151474, 242.87032, 0.0 ] 10 [ 84.0, 115.0, 0.0 ]
6 MIDNIGHT  [ 120.946014, -14.746651, 0.0 ] 11 [ 87.0, 97.0, 0.0 ]
6 DECIDE  [ 247.69646, 62.607788, 0.0 ] 12 [ 172.0, 79.0, 0.0 ]
6 QUOTE  [ 184.14342, 255.64008, 0.0 ] 13 [ 137.0, 141.0, 0.0 ]
6 TONIGHT  [ 215.10126, 37.4788, 0.0 ] 14 [ 106.0, 100.0, 0.0 ]
7 NOW  [ 149.05759, 56.32287, 0.0 ] 0 [ 149.05759, 56.32287, 0.0 ]
7 GET  [ 108.9963, 76.86101, 0.0 ] 1 [ 108.9963, 76.86101, 0.0 ]
7 INTERNET  [ 280.37604, 47.14642, 0.0 ] 2 [ 280.37604, 47.14642, 0.0 ]
7 KNOW  [ 92.14944, 181.89021, 0.0 ] 3 [ 92.14944, 181.89021, 0.0 ]
7 @CSDOTAM  [ 47.39248, 26.147552, 0.0 ] 4 [ 50.0, 106.0, 0.0 ]
7 FIND  [ 92.37414, 208.72064, 0.0 ] 5 [ 79.0, 117.0, 0.0 ]
7 VIDEO  [ 68.17383, 63.722813, 0.0 ] 6 [ 122.0, 59.0, 0.0 ]
7 TELL  [ 38.021355, 85.84746, 0.0 ] 7 [ 73.0, 85.0, 0.0 ]
7 13TH  [ 191.67929, 71.36854, 0.0 ] 8 [ 166.0, 80.0, 0.0 ]
7 SQUIRREL  [ 94.493645, 4.8844833, 0.0 ] 9 [ 98.0, 88.0, 0.0 ]
7 ANYBODY  [ 77.6184, 250.15213, 0.0 ] 10 [ 78.0, 117.0, 0.0 ]
7 LINE  [ 140.01627, -30.135315, 0.0 ] 11 [ 111.0, 93.0, 0.0 ]
7 SEVERAL  [ 216.43243, 213.01236, 0.0 ] 12 [ 117.0, 138.0, 0.0 ]
7 WITHOUT  [ 104.151474, 272.8703, 0.0 ] 13 [ 122.0, 145.0, 0.0 ]
7 OK  [ 201.07867, 168.48459, 0.0 ] 14 [ 140.0, 93.0, 0.0 ]
8 @TOMMQUINN  [ 78.0, 112.0, 0.0 ] 0 [ 77.0, 112.0, 0.0 ]
8 @LUESIMONSPHOTO  [ 49.37758, 135.1072, 0.0 ] 1 [ 49.0, 130.0, 0.0 ]
8 EVEN  [ 85.67511, 78.848755, 0.0 ] 2 [ 89.0, 105.0, 0.0 ]
8 NOPE  [ 52.65458, 155.15813, 0.0 ] 3 [ 52.0, 118.0, 0.0 ]
8 @FIRETOG  [ 250.57501, 37.749435, 0.0 ] 4 [ 168.0, 53.0, 0.0 ]
8 @MRFOTOGENIK  [ 66.35957, 56.486324, 0.0 ] 5 [ 70.0, 89.0, 0.0 ]
8 @TEKOAPHOTO  [ 25.288681, 58.724636, 0.0 ] 6 [ 122.0, 38.0, 0.0 ]
8 YET  [ 98.20059, 15.782204, 0.0 ] 7 [ 107.0, 89.0, 0.0 ]
8 ISLAND  [ 122.76516, 188.91571, 0.0 ] 8 [ 112.0, 134.0, 0.0 ]
8 @BNKIMAGES  [ 112.5506, 217.96295, 0.0 ] 9 [ 99.0, 144.0, 0.0 ]
9 HTTP://T.CO/BESLBUKC  [ 55.0, 115.0, 0.0 ] 0 [ 54.0, 115.0, 0.0 ]
9 PLAY  [ 90.91825, 132.75288, 0.0 ] 1 [ 86.0, 122.0, 0.0 ]
9 GAMES  [ 74.62873, 86.47571, 0.0 ] 2 [ 82.0, 108.0, 0.0 ]
10 RT  [ 96.29234, 82.17359, 0.0 ] 0 [ 96.29234, 82.17359, 0.0 ]
10 HEAR  [ 13.654598, 41.13743, 0.0 ] 1 [ 13.654598, 41.13743, 0.0 ]
10 REALLY  [ 134.65297, 150.30267, 0.0 ] 2 [ 134.65297, 150.30267, 0.0 ]
10 @ZALEARY  [ 106.92386, 175.13531, 0.0 ] 3 [ 106.92386, 175.13531, 0.0 ]
10 WEEK  [ 118.286896, 197.57681, 0.0 ] 4 [ 118.286896, 197.57681, 0.0 ]
10 D800  [ 212.30975, 22.713833, 0.0 ] 5 [ 141.0, 60.0, 0.0 ]
10 STORIES  [ 42.569115, 45.88067, 0.0 ] 6 [ 63.0, 123.0, 0.0 ]
10 FILM  [ 53.1091, 89.342155, 0.0 ] 7 [ 118.0, 63.0, 0.0 ]
10 SHORT  [ 29.735464, 8.96386, 0.0 ] 8 [ 44.0, 118.0, 0.0 ]
10 MUSIC  [ 251.86494, 32.033493, 0.0 ] 9 [ 163.0, 54.0, 0.0 ]
10 DSLR  [ 175.41934, -44.721, 0.0 ] 10 [ 143.0, 62.0, 0.0 ]
10 AMELIE  [ 18.11972, 135.25522, 0.0 ] 11 [ 122.0, 71.0, 0.0 ]
10 NKON  [ 81.53775, -21.572716, 0.0 ] 12 [ 108.0, 94.0, 0.0 ]
10 NIKON'S  [ 221.14342, 195.64008, 0.0 ] 13 [ 174.0, 81.0, 0.0 ]
10 ENGINEERING  [ 287.3194, 65.740395, 0.0 ] 14 [ 191.0, 62.0, 0.0 ]
11 TAKE  [ 132.48424, 200.39897, 0.0 ] 0 [ 132.48424, 200.39897, 0.0 ]
11 RT  [ 97.291145, 82.17561, 0.0 ] 1 [ 97.291145, 82.17561, 0.0 ]
11 REALLY  [ 135.64786, 150.29845, 0.0 ] 2 [ 135.64786, 150.29845, 0.0 ]
11 HELP  [ 98.11132, 52.098225, 0.0 ] 3 [ 98.11132, 52.098225, 0.0 ]
11 @ZALEARY  [ 107.921524, 175.1331, 0.0 ] 4 [ 107.921524, 175.1331, 0.0 ]
11 ANYWAY  [ 93.57449, 27.673933, 0.0 ] 5 [ 93.57449, 27.673933, 0.0 ]
11 PICTURES  [ 100.76764, -3.477974, 0.0 ] 6 [ 69.0, 109.0, 0.0 ]
11 @KIRSTYKEATCH  [ -5.0284233, 241.07397, 0.0 ] 7 [ 41.0, 127.0, 0.0 ]
11 FIRST  [ 173.93861, 94.775764, 0.0 ] 8 [ 78.0, 103.0, 0.0 ]
11 SAVED  [ 26.247025, 147.29376, 0.0 ] 9 [ 54.0, 122.0, 0.0 ]
11 PERSONALITIES  [ 208.14706, 76.44913, 0.0 ] 10 [ 90.0, 119.0, 0.0 ]
11 TWEETS  [ 194.93483, 53.448902, 0.0 ] 11 [ 99.0, 88.0, 0.0 ]
11 WHO'LL  [ 68.51845, 18.872066, 0.0 ] 12 [ 121.0, 66.0, 0.0 ]
11 WOULD-BE  [ 115.01627, -26.135315, 0.0 ] 13 [ 86.0, 97.0, 0.0 ]
11 WORRY  [ 16.11972, 201.25522, 0.0 ] 14 [ 120.0, 137.0, 0.0 ]
12 ANYWAY  [ 94.572525, 27.675344, 0.0 ] 0 [ 94.572525, 27.675344, 0.0 ]
12 GOT  [ 218.13792, 54.116814, 0.0 ] 1 [ 218.13792, 54.116814, 0.0 ]
12 @SETHMACFARLANE  [ 59.831985, 153.99625, 0.0 ] 2 [ 60.0, 114.0, 0.0 ]
12 TODAY  [ 70.60315, 122.36619, 0.0 ] 3 [ 78.0, 125.0, 0.0 ]
12 WORKSHOP  [ 50.90192, 95.31137, 0.0 ] 4 [ 67.0, 111.0, 0.0 ]
12 UNFOLLOWING  [ 36.93373, 173.0162, 0.0 ] 5 [ 34.0, 125.0, 0.0 ]
12 JULY  [ 117.59932, 53.79493, 0.0 ] 6 [ 130.0, 107.0, 0.0 ]
12 WHINERS  [ 65.49285, 2.8462143, 0.0 ] 7 [ 86.0, 87.0, 0.0 ]
12 TABS  [ 100.41449, 194.79233, 0.0 ] 8 [ 87.0, 111.0, 0.0 ]
12 @RICKYGERVAIS  [ 29.483734, -14.6036415, 0.0 ] 9 [ 142.0, 29.0, 0.0 ]
12 REALISE  [ 107.73264, 227.79436, 0.0 ] 10 [ 108.0, 135.0, 0.0 ]
12 @FIREFOX  [ 66.97157, 256.07397, 0.0 ] 11 [ 113.0, 142.0, 0.0 ]
12 CHEAPER  [ 260.3194, 46.74039, 0.0 ] 12 [ 164.0, 43.0, 0.0 ]
12 FIREFOX  [ 100.300705, -26.404633, 0.0 ] 13 [ 83.0, 99.0, 0.0 ]
12 UNLIKELY  [ -42.854126, 202.77351, 0.0 ] 14 [ 57.0, 103.0, 0.0 ]
13 TIME  [ 108.52388, 13.703956, 0.0 ] 0 [ 108.52388, 13.703956, 0.0 ]
13 @ZALEARY  [ 108.42034, 175.13197, 0.0 ] 1 [ 108.42034, 175.13197, 0.0 ]
13 PHOTOGRAPHY  [ 71.779434, 67.75867, 0.0 ] 2 [ 71.779434, 67.75867, 0.0 ]
13 CONCLUDE  [ 73.40786, 86.51734, 0.0 ] 3 [ 145.0, 19.0, 0.0 ]
13 AMP  [ 106.11757, 117.73943, 0.0 ] 4 [ 91.0, 122.0, 0.0 ]
13 EAT  [ 130.13101, 197.29436, 0.0 ] 5 [ 99.0, 105.0, 0.0 ]
13 VI  [ 20.87173, 102.21368, 0.0 ] 6 [ 67.0, 102.0, 0.0 ]
13 HTTP://T.CO/8I4TYZHU  [ 106.09637, 99.92781, 0.0 ] 7 [ 72.0, 119.0, 0.0 ]
13 MEGAPIXEL  [ 106.99437, 151.47957, 0.0 ] 8 [ 84.0, 89.0, 0.0 ]
13 TBAGGER  [ 48.17919, -38.12422, 0.0 ] 9 [ 122.0, 56.0, 0.0 ]
13 HTTP://T.CO/THSIB6U9  [ 72.14383, -11.016579, 0.0 ] 10 [ 59.0, 99.0, 0.0 ]
13 SECONDS  [ 202.06537, 117.90004, 0.0 ] 11 [ 108.0, 138.0, 0.0 ]
13 ONE  [ 207.36261, 204.00917, 0.0 ] 12 [ 145.0, 136.0, 0.0 ]
13 LITTLE  [ 108.655174, -39.558136, 0.0 ] 13 [ 116.0, 98.0, 0.0 ]
13 ASTOUNDING  [ 107.51515, 247.43625, 0.0 ] 14 [ 74.0, 102.0, 0.0 ]
14 AMAZING  [ 93.88247, 175.39003, 0.0 ] 0 [ 93.88247, 175.39003, 0.0 ]
14 HTTP://T.CO/MCLRZGWN  [ 49.0, 115.0, 0.0 ] 1 [ 48.0, 115.0, 0.0 ]
14 PENCILHEAD  [ 62.290867, 132.55737, 0.0 ] 2 [ 60.0, 129.0, 0.0 ]
14 VIMEO  [ 76.62873, 85.47571, 0.0 ] 3 [ 84.0, 107.0, 0.0 ]
15 GET  [ 109.99414, 76.86353, 0.0 ] 0 [ 109.99414, 76.86353, 0.0 ]
15 BUS  [ 145.5277, 105.1075, 0.0 ] 1 [ 96.0, 97.0, 0.0 ]
15 PULLS  [ 78.28596, 71.92653, 0.0 ] 2 [ 116.0, 76.0, 0.0 ]
15 CUSTOMER  [ 59.31089, 49.51472, 0.0 ] 3 [ 71.0, 111.0, 0.0 ]
15 SHAKES  [ 44.39939, 183.24991, 0.0 ] 4 [ 48.0, 122.0, 0.0 ]
15 AWAY  [ 145.23563, 71.08517, 0.0 ] 5 [ 117.0, 112.0, 0.0 ]
15 @FIRSTSCOTLAND  [ 42.44435, 1.5413723, 0.0 ] 6 [ 147.0, 25.0, 0.0 ]
15 LETTING  [ 71.421875, 20.097206, 0.0 ] 7 [ 77.0, 115.0, 0.0 ]
15 SERVICE  [ 171.33453, 157.11163, 0.0 ] 8 [ 89.0, 95.0, 0.0 ]
15 DRIVER  [ 175.51826, 197.47601, 0.0 ] 9 [ 172.0, 74.0, 0.0 ]
15 HEAD  [ 201.70312, 188.05075, 0.0 ] 10 [ 133.0, 139.0, 0.0 ]
15 RATHER  [ 285.29395, 16.81686, 0.0 ] 11 [ 164.0, 49.0, 0.0 ]
15 WONDERFUL  [ 21.567802, 2.644947, 0.0 ] 12 [ 138.0, 35.0, 0.0 ]
16 NOW  [ 150.0525, 56.335922, 0.0 ] 0 [ 150.0525, 56.335922, 0.0 ]
16 ANYWAY  [ 95.071526, 27.676054, 0.0 ] 1 [ 95.071526, 27.676054, 0.0 ]
16 M1  [ 75.96815, 119.257935, 0.0 ] 2 [ 75.96815, 119.257935, 0.0 ]
16 @500PX  [ 92.41255, 192.6907, 0.0 ] 3 [ 80.0, 105.0, 0.0 ]
16 25-12  [ 5.759796, 70.278885, 0.0 ] 4 [ 70.0, 117.0, 0.0 ]
16 @GIZMODO  [ 9.601486, 167.05264, 0.0 ] 5 [ 79.0, 111.0, 0.0 ]
16 WEDNESDAY  [ 43.97209, 229.25186, 0.0 ] 6 [ 41.0, 125.0, 0.0 ]
16 CENTRE  [ 195.57501, 99.749435, 0.0 ] 7 [ 113.0, 115.0, 0.0 ]
16 ENGLISH  [ 74.49285, 3.8462143, 0.0 ] 8 [ 95.0, 88.0, 0.0 ]
16 WAKING  [ 194.59961, 164.44124, 0.0 ] 9 [ 80.0, 115.0, 0.0 ]
16 SCREEN  [ 105.02529, -22.071686, 0.0 ] 10 [ 94.0, 95.0, 0.0 ]
16 SCHEDULE  [ 195.29541, 130.00655, 0.0 ] 11 [ 104.0, 138.0, 0.0 ]
16 THINK  [ 190.82463, 71.41353, 0.0 ] 12 [ 132.0, 141.0, 0.0 ]
16 RUINING  [ 221.07977, 46.307976, 0.0 ] 13 [ 107.0, 99.0, 0.0 ]
16 TOTALLY  [ 49.10228, -66.49881, 0.0 ] 14 [ 137.0, 51.0, 0.0 ]
17 HTTP://T.CO/DGWJZWGT  [ 55.0, 115.0, 0.0 ] 0 [ 54.0, 115.0, 0.0 ]
17 REDOING  [ 127.400314, 133.70486, 0.0 ] 1 [ 118.0, 56.0, 0.0 ]
17 VIA  [ 94.67511, 75.848755, 0.0 ] 2 [ 98.0, 102.0, 0.0 ]
17 CHECK  [ 26.87173, 67.21368, 0.0 ] 3 [ 73.0, 67.0, 0.0 ]
17 @JUXDOTCOM  [ 76.05433, 52.469376, 0.0 ] 4 [ 91.0, 116.0, 0.0 ]
17 GOOD  [ 84.05433, 21.469376, 0.0 ] 5 [ 99.0, 85.0, 0.0 ]
17 PRETTY  [ 153.96497, 148.40576, 0.0 ] 6 [ 77.0, 114.0, 0.0 ]
17 REPLACEMENT  [ 40.464043, -0.35111237, 0.0 ] 7 [ 65.0, 97.0, 0.0 ]
17 WEBSITE  [ 153.40321, 184.38258, 0.0 ] 8 [ 104.0, 136.0, 0.0 ]
18 RT  [ 97.79053, 82.176636, 0.0 ] 0 [ 97.79053, 82.176636, 0.0 ]
18 M1  [ 80.88297, 129.96362, 0.0 ] 1 [ 80.88297, 129.96362, 0.0 ]
18 @UOEVOLLEYBALL  [ 29.107065, 59.17334, 0.0 ] 2 [ 34.0, 111.0, 0.0 ]
18 @UOESPORTSALU  [ 57.3259, 175.45569, 0.0 ] 3 [ 57.0, 130.0, 0.0 ]
18 FINAL  [ 157.52444, 101.228134, 0.0 ] 4 [ 89.0, 107.0, 0.0 ]
18 3:0  [ 1.6277733, 123.254074, 0.0 ] 5 [ 60.0, 113.0, 0.0 ]
18 @UOESPORTSUNION  [ 69.64697, 194.12344, 0.0 ] 6 [ 75.0, 119.0, 0.0 ]
18 @TEAMDURHAM  [ 71.10706, 37.17334, 0.0 ] 7 [ 76.0, 89.0, 0.0 ]
18 UOESPORT  [ 6.4511185, -36.039993, 0.0 ] 8 [ 122.0, 48.0, 0.0 ]
18 COME  [ 267.63934, 86.30688, 0.0 ] 9 [ 137.0, 57.0, 0.0 ]
18 25-21  [ 151.15147, 211.87032, 0.0 ] 10 [ 169.0, 84.0, 0.0 ]
18 25-19  [ 149.11757, 134.73944, 0.0 ] 11 [ 134.0, 139.0, 0.0 ]
18 25-23  [ 109.26807, 6.831169, 0.0 ] 12 [ 118.0, 97.0, 0.0 ]
