0 Governor  [ 57.999256, 69.42354, 0.0 ] 0 [ 57.999256, 69.42354, 0.0 ]
0 make  [ 8.85504, 55.33317, 0.0 ] 1 [ 8.85504, 55.33317, 0.0 ]
0 going  [ 271.82678, 72.40032, 0.0 ] 2 [ 271.82678, 72.40032, 0.0 ]
0 Romney  [ 58.2, 166.15718, 0.0 ] 3 [ 58.2, 166.15718, 0.0 ]
0 got  [ 113.58166, 15.308724, 0.0 ] 4 [ 113.58166, 15.308724, 0.0 ]
0 think  [ 72.94595, 106.92712, 0.0 ] 5 [ 72.94595, 106.92712, 0.0 ]
0 know  [ 160.81166, 199.77362, 0.0 ] 6 [ 160.81166, 199.77362, 0.0 ]
0 cut  [ 117.68441, 202.27554, 0.0 ] 7 [ 117.68441, 202.27554, 0.0 ]
0 people  [ 21.98994, 17.889061, 0.0 ] 8 [ 21.98994, 17.889061, 0.0 ]
0 want  [ 185.75484, 104.93884, 0.0 ] 9 [ 185.75484, 104.93884, 0.0 ]
0 just  [ 242.77167, 19.275879, 0.0 ] 10 [ 242.77167, 19.275879, 0.0 ]
0 way  [ 149.35861, 145.13948, 0.0 ] 11 [ 149.35861, 145.13948, 0.0 ]
0 sure  [ 146.95758, 7.4669175, 0.0 ] 12 [ 146.95758, 7.4669175, 0.0 ]
0 tax  [ 80.17791, 215.10449, 0.0 ] 13 [ 80.17791, 215.10449, 0.0 ]
0 job  [ 231.84972, 125.22442, 0.0 ] 14 [ 231.84972, 125.22442, 0.0 ]
0 Medicare  [ 195.37445, 179.14038, 0.0 ] 15 [ 195.37445, 179.14038, 0.0 ]
0 plan  [ 51.709305, 46.237507, 0.0 ] 16 [ 51.709305, 46.237507, 0.0 ]
0 year  [ 29.370148, 199.82736, 0.0 ] 17 [ 29.370148, 199.82736, 0.0 ]
0 deficit  [ 200.43338, -1.2858887, 0.0 ] 18 [ 151.0, 87.0, 0.0 ]
0 Now  [ 48.57569, 102.82869, 0.0 ] 19 [ 121.0, 113.0, 0.0 ]
1 make  [ 9.55831, 55.392002, 0.0 ] 0 [ 9.55831, 55.392002, 0.0 ]
1 going  [ 270.5733, 73.62371, 0.0 ] 1 [ 270.5733, 73.62371, 0.0 ]
1 Governor  [ 62.021988, 58.944927, 0.0 ] 2 [ 62.021988, 58.944927, 0.0 ]
1 sure  [ 135.50027, 10.2330265, 0.0 ] 3 [ 135.50027, 10.2330265, 0.0 ]
1 want  [ 178.35944, 111.46015, 0.0 ] 4 [ 178.35944, 111.46015, 0.0 ]
1 job  [ 232.5884, 139.93515, 0.0 ] 5 [ 232.5884, 139.93515, 0.0 ]
1 Romney  [ 49.646366, 174.5928, 0.0 ] 6 [ 49.646366, 174.5928, 0.0 ]
1 just  [ 258.3861, 9.653924, 0.0 ] 7 [ 258.3861, 9.653924, 0.0 ]
1 also  [ 122.96224, 113.302155, 0.0 ] 8 [ 122.96224, 113.302155, 0.0 ]
1 got  [ 101.42261, 12.328241, 0.0 ] 9 [ 101.42261, 12.328241, 0.0 ]
1 year  [ 43.629494, 208.65819, 0.0 ] 10 [ 43.629494, 208.65819, 0.0 ]
1 tax  [ 103.156715, 207.02086, 0.0 ] 11 [ 103.156715, 207.02086, 0.0 ]
1 get  [ 81.15974, 98.95125, 0.0 ] 12 [ 81.15974, 98.95125, 0.0 ]
1 people  [ 25.270296, 17.42333, 0.0 ] 13 [ 25.270296, 17.42333, 0.0 ]
1 country  [ 120.216705, 152.26802, 0.0 ] 14 [ 120.216705, 152.26802, 0.0 ]
1 think  [ 68.57744, 125.98836, 0.0 ] 15 [ 68.57744, 125.98836, 0.0 ]
1 cut  [ 144.22496, 208.04839, 0.0 ] 16 [ 144.22496, 208.04839, 0.0 ]
1 energy  [ 198.5874, 144.90945, 0.0 ] 17 [ 151.0, 87.0, 0.0 ]
1 folks  [ 73.11979, 143.70773, 0.0 ] 18 [ 109.0, 132.0, 0.0 ]
1 come  [ 53.969215, 95.97416, 0.0 ] 19 [ 130.0, 96.0, 0.0 ]
2 make  [ 9.928296, 55.33085, 0.0 ] 0 [ 9.928296, 55.33085, 0.0 ]
2 going  [ 271.7137, 73.60476, 0.0 ] 1 [ 271.7137, 73.60476, 0.0 ]
2 sure  [ 138.20972, 10.528613, 0.0 ] 2 [ 138.20972, 10.528613, 0.0 ]
2 Governor  [ 60.21947, 65.95188, 0.0 ] 3 [ 60.21947, 65.95188, 0.0 ]
2 also  [ 123.910934, 113.30816, 0.0 ] 4 [ 123.910934, 113.30816, 0.0 ]
2 got  [ 104.46002, 14.071561, 0.0 ] 5 [ 104.46002, 14.071561, 0.0 ]
2 need  [ 131.40279, 137.9671, 0.0 ] 6 [ 131.40279, 137.9671, 0.0 ]
2 just  [ 246.34357, 15.855863, 0.0 ] 7 [ 246.34357, 15.855863, 0.0 ]
2 know  [ 159.4402, 187.76569, 0.0 ] 8 [ 159.4402, 187.76569, 0.0 ]
2 world  [ 89.673195, 167.95532, 0.0 ] 9 [ 89.673195, 167.95532, 0.0 ]
2 military  [ 119.00013, 212.91866, 0.0 ] 10 [ 119.00013, 212.91866, 0.0 ]
2 Romney  [ 55.290527, 187.04599, 0.0 ] 11 [ 55.290527, 187.04599, 0.0 ]
2 job  [ 233.16089, 115.395325, 0.0 ] 12 [ 233.16089, 115.395325, 0.0 ]
2 American  [ 221.46034, 155.7805, 0.0 ] 13 [ 147.0, 45.0, 0.0 ]
2 now  [ 75.61719, 140.59998, 0.0 ] 14 [ 106.0, 131.0, 0.0 ]
2 leadership  [ 44.979183, -15.081024, 0.0 ] 15 [ 76.0, 108.0, 0.0 ]
2 kind  [ 60.359417, 117.74411, 0.0 ] 16 [ 66.0, 124.0, 0.0 ]
2 China  [ 158.24164, 98.83957, 0.0 ] 17 [ 145.0, 118.0, 0.0 ]
2 Iraq  [ 141.76556, 47.103405, 0.0 ] 18 [ 135.0, 88.0, 0.0 ]
2 take  [ 78.10481, 98.72946, 0.0 ] 19 [ 111.0, 118.0, 0.0 ]
3 people  [ 33.68999, 19.356482, 0.0 ] 0 [ 33.68999, 19.356482, 0.0 ]
3 get  [ 101.3432, 92.42823, 0.0 ] 1 [ 101.3432, 92.42823, 0.0 ]
3 going  [ 272.41257, 73.00615, 0.0 ] 2 [ 272.41257, 73.00615, 0.0 ]
3 plan  [ 33.22776, 75.14646, 0.0 ] 3 [ 33.22776, 75.14646, 0.0 ]
3 tax  [ 92.62801, 210.19067, 0.0 ] 4 [ 92.62801, 210.19067, 0.0 ]
3 cut  [ 116.71768, 186.41457, 0.0 ] 5 [ 116.71768, 186.41457, 0.0 ]
3 Medicare  [ 188.0889, 191.70699, 0.0 ] 6 [ 188.0889, 191.70699, 0.0 ]
3 president  [ 4.4790344, 27.183138, 0.0 ] 7 [ 4.4790344, 27.183138, 0.0 ]
3 year  [ 37.53511, 187.3664, 0.0 ] 8 [ 37.53511, 187.3664, 0.0 ]
3 job  [ 233.60368, 117.49526, 0.0 ] 9 [ 233.60368, 117.49526, 0.0 ]
3 one  [ 147.44266, 134.77623, 0.0 ] 10 [ 147.44266, 134.77623, 0.0 ]
3 just  [ 248.49251, 16.00995, 0.0 ] 11 [ 248.49251, 16.00995, 0.0 ]
3 way  [ 157.61757, 163.36598, 0.0 ] 12 [ 157.61757, 163.36598, 0.0 ]
3 want  [ 175.0029, 111.82038, 0.0 ] 13 [ 175.0029, 111.82038, 0.0 ]
3 percent  [ 76.03737, 161.90222, 0.0 ] 14 [ 76.03737, 161.90222, 0.0 ]
3 government  [ 217.45816, -71.98309, 0.0 ] 15 [ 146.0, 32.0, 0.0 ]
3 state  [ 76.59292, 138.77705, 0.0 ] 16 [ 100.0, 129.0, 0.0 ]
3 rate  [ 105.481514, 78.9987, 0.0 ] 17 [ 116.0, 113.0, 0.0 ]
3 right  [ 45.81179, 116.36397, 0.0 ] 18 [ 67.0, 123.0, 0.0 ]
3 taxes  [ 158.12283, 70.71158, 0.0 ] 19 [ 147.0, 119.0, 0.0 ]
4 people  [ 27.97702, 18.226688, 0.0 ] 0 [ 27.97702, 18.226688, 0.0 ]
4 get  [ 92.22833, 95.485535, 0.0 ] 1 [ 92.22833, 95.485535, 0.0 ]
4 year  [ 37.977573, 198.63994, 0.0 ] 2 [ 37.977573, 198.63994, 0.0 ]
4 job  [ 234.25357, 124.60391, 0.0 ] 3 [ 234.25357, 124.60391, 0.0 ]
4 going  [ 278.31503, 66.02301, 0.0 ] 4 [ 278.31503, 66.02301, 0.0 ]
4 president  [ 5.057562, 71.85218, 0.0 ] 5 [ 5.057562, 71.85218, 0.0 ]
4 make  [ 38.545383, 71.55195, 0.0 ] 6 [ 38.545383, 71.55195, 0.0 ]
4 want  [ 177.93289, 101.28294, 0.0 ] 7 [ 177.93289, 101.28294, 0.0 ]
4 one  [ 147.57938, 139.66222, 0.0 ] 8 [ 147.57938, 139.66222, 0.0 ]
4 America  [ 101.26094, 156.03949, 0.0 ] 9 [ 101.26094, 156.03949, 0.0 ]
4 percent  [ 66.73478, 176.42218, 0.0 ] 10 [ 66.73478, 176.42218, 0.0 ]
4 country  [ 152.34926, 176.51709, 0.0 ] 11 [ 152.34926, 176.51709, 0.0 ]
4 sure  [ 134.70155, 3.2317188, 0.0 ] 12 [ 134.70155, 3.2317188, 0.0 ]
4 think  [ 77.26821, 76.72635, 0.0 ] 13 [ 77.26821, 76.72635, 0.0 ]
4 just  [ 250.01836, 15.169915, 0.0 ] 14 [ 250.01836, 15.169915, 0.0 ]
4 four  [ 138.76556, 71.10341, 0.0 ] 15 [ 132.0, 112.0, 0.0 ]
4 last  [ 60.36707, 158.80626, 0.0 ] 16 [ 112.0, 130.0, 0.0 ]
4 question  [ 154.74129, 194.54504, 0.0 ] 17 [ 95.0, 110.0, 0.0 ]
4 put  [ -24.711319, 145.72464, 0.0 ] 18 [ 72.0, 125.0, 0.0 ]
4 time  [ 196.86581, 82.07524, 0.0 ] 19 [ 156.0, 119.0, 0.0 ]
5 going  [ 270.5802, 76.95989, 0.0 ] 0 [ 270.5802, 76.95989, 0.0 ]
5 world  [ 90.66195, 167.94609, 0.0 ] 1 [ 90.66195, 167.94609, 0.0 ]
5 make  [ 17.818865, 59.467754, 0.0 ] 2 [ 17.818865, 59.467754, 0.0 ]
5 year  [ 39.37037, 202.05934, 0.0 ] 3 [ 39.37037, 202.05934, 0.0 ]
5 want  [ 180.21439, 107.35124, 0.0 ] 4 [ 180.21439, 107.35124, 0.0 ]
5 people  [ 28.244638, 18.23247, 0.0 ] 5 [ 28.244638, 18.23247, 0.0 ]
5 president  [ 53.61451, 57.75914, 0.0 ] 6 [ 53.61451, 57.75914, 0.0 ]
5 get  [ 92.611725, 95.88177, 0.0 ] 7 [ 92.611725, 95.88177, 0.0 ]
5 America  [ 99.14792, 142.052, 0.0 ] 8 [ 99.14792, 142.052, 0.0 ]
5 military  [ 128.8087, 209.48302, 0.0 ] 9 [ 128.8087, 209.48302, 0.0 ]
5 sure  [ 139.79222, 7.849401, 0.0 ] 10 [ 139.79222, 7.849401, 0.0 ]
5 one  [ 126.07174, 125.092064, 0.0 ] 11 [ 126.07174, 125.092064, 0.0 ]
5 need  [ 145.454, 82.52168, 0.0 ] 12 [ 145.454, 82.52168, 0.0 ]
5 job  [ 237.81186, 134.8724, 0.0 ] 13 [ 237.81186, 134.8724, 0.0 ]
5 just  [ 250.17589, 15.191044, 0.0 ] 14 [ 250.17589, 15.191044, 0.0 ]
5 see  [ 146.22632, 40.222256, 0.0 ] 15 [ 151.0, 100.0, 0.0 ]
5 nation  [ 166.61386, 56.103043, 0.0 ] 16 [ 95.0, 128.0, 0.0 ]
5 nuclear  [ 68.66237, 231.38803, 0.0 ] 17 [ 99.0, 112.0, 0.0 ]
5 look  [ 89.947365, 51.7804, 0.0 ] 18 [ 75.0, 110.0, 0.0 ]
5 back  [ 208.72, 88.32727, 0.0 ] 19 [ 153.0, 118.0, 0.0 ]
