0 governor  [ 93.46599, 97.40632, 0.0 ] 0 [ 93.46599, 97.40632, 0.0 ]
0 make  [ 42.436844, 74.40931, 0.0 ] 1 [ 42.436844, 74.40931, 0.0 ]
0 going  [ 226.4065, 125.57481, 0.0 ] 2 [ 226.4065, 125.57481, 0.0 ]
0 now  [ 110.99614, 124.63327, 0.0 ] 3 [ 110.99614, 124.63327, 0.0 ]
0 romney  [ 15.249068, 59.552753, 0.0 ] 4 [ 15.249068, 59.552753, 0.0 ]
0 got  [ 153.8063, 168.27368, 0.0 ] 5 [ 153.8063, 168.27368, 0.0 ]
0 know  [ 43.46645, 19.890005, 0.0 ] 6 [ 43.46645, 19.890005, 0.0 ]
0 cut  [ 192.85703, 10.883946, 0.0 ] 7 [ 192.85703, 10.883946, 0.0 ]
0 people  [ 117.12818, 72.28032, 0.0 ] 8 [ 117.12818, 72.28032, 0.0 ]
0 want  [ 190.72809, 46.46036, 0.0 ] 9 [ 190.72809, 46.46036, 0.0 ]
0 just  [ 112.27158, 155.70746, 0.0 ] 10 [ 112.27158, 155.70746, 0.0 ]
0 sure  [ 107.12278, 49.02177, 0.0 ] 11 [ 107.12278, 49.02177, 0.0 ]
0 tax  [ 34.852673, 194.10355, 0.0 ] 12 [ 34.852673, 194.10355, 0.0 ]
0 think  [ 98.654495, -8.298943, 0.0 ] 13 [ 114.0, 109.0, 0.0 ]
0 way  [ 107.963554, 221.19217, 0.0 ] 14 [ 99.0, 124.0, 0.0 ]
1 make  [ 39.04177, 75.18724, 0.0 ] 0 [ 39.04177, 75.18724, 0.0 ]
1 going  [ 242.36224, 117.81157, 0.0 ] 1 [ 242.36224, 117.81157, 0.0 ]
1 governor  [ 85.28465, 97.098694, 0.0 ] 2 [ 85.28465, 97.098694, 0.0 ]
1 sure  [ 118.86856, 69.04966, 0.0 ] 3 [ 118.86856, 69.04966, 0.0 ]
1 want  [ 175.08871, 16.367687, 0.0 ] 4 [ 175.08871, 16.367687, 0.0 ]
1 job  [ 76.20204, 146.85649, 0.0 ] 5 [ 76.20204, 146.85649, 0.0 ]
1 romney  [ 14.27682, 60.11361, 0.0 ] 6 [ 14.27682, 60.11361, 0.0 ]
1 now  [ 110.65992, 120.76164, 0.0 ] 7 [ 110.65992, 120.76164, 0.0 ]
1 just  [ 120.3747, 147.51889, 0.0 ] 8 [ 120.3747, 147.51889, 0.0 ]
1 also  [ 235.41364, 58.641186, 0.0 ] 9 [ 235.41364, 58.641186, 0.0 ]
1 got  [ 155.71373, 172.94257, 0.0 ] 10 [ 155.71373, 172.94257, 0.0 ]
1 year  [ 162.7411, 146.09705, 0.0 ] 11 [ 162.7411, 146.09705, 0.0 ]
1 get  [ 60.926254, 13.24362, 0.0 ] 12 [ 60.926254, 13.24362, 0.0 ]
1 tax  [ 37.65579, 213.81955, 0.0 ] 13 [ 37.65579, 213.81955, 0.0 ]
1 people  [ 113.100334, 46.98256, 0.0 ] 14 [ 113.100334, 46.98256, 0.0 ]
2 make  [ 41.69439, 74.60539, 0.0 ] 0 [ 41.69439, 74.60539, 0.0 ]
2 going  [ 226.45625, 116.153366, 0.0 ] 1 [ 226.45625, 116.153366, 0.0 ]
2 sure  [ 114.886696, 59.6226, 0.0 ] 2 [ 114.886696, 59.6226, 0.0 ]
2 governor  [ 80.26789, 93.83259, 0.0 ] 3 [ 80.26789, 93.83259, 0.0 ]
2 now  [ 107.645004, 119.449326, 0.0 ] 4 [ 107.645004, 119.449326, 0.0 ]
2 also  [ 238.38622, 48.766582, 0.0 ] 5 [ 238.38622, 48.766582, 0.0 ]
2 got  [ 152.62195, 166.25519, 0.0 ] 6 [ 152.62195, 166.25519, 0.0 ]
2 just  [ 106.89992, 151.44757, 0.0 ] 7 [ 106.89992, 151.44757, 0.0 ]
2 know  [ 36.02368, 33.29705, 0.0 ] 8 [ 36.02368, 33.29705, 0.0 ]
2 world  [ 266.5853, 80.29695, 0.0 ] 9 [ 266.5853, 80.29695, 0.0 ]
2 american  [ 85.73525, 144.11833, 0.0 ] 10 [ 149.0, 60.0, 0.0 ]
2 need  [ 122.40106, 209.10638, 0.0 ] 11 [ 95.0, 125.0, 0.0 ]
2 leadership  [ 122.52736, 37.77426, 0.0 ] 12 [ 90.0, 111.0, 0.0 ]
2 kind  [ 11.286831, 88.62551, 0.0 ] 13 [ 73.0, 95.0, 0.0 ]
2 china  [ 101.38181, 13.734856, 0.0 ] 14 [ 140.0, 116.0, 0.0 ]
3 people  [ 113.51672, 79.324326, 0.0 ] 0 [ 113.51672, 79.324326, 0.0 ]
3 get  [ 59.5529, 27.092836, 0.0 ] 1 [ 59.5529, 27.092836, 0.0 ]
3 going  [ 241.97934, 118.900345, 0.0 ] 2 [ 241.97934, 118.900345, 0.0 ]
3 president  [ 144.67099, 53.37205, 0.0 ] 3 [ 144.67099, 53.37205, 0.0 ]
3 tax  [ 51.18626, 193.10872, 0.0 ] 4 [ 51.18626, 193.10872, 0.0 ]
3 cut  [ 183.60863, 17.372759, 0.0 ] 5 [ 183.60863, 17.372759, 0.0 ]
3 one  [ 154.88574, 118.882645, 0.0 ] 6 [ 154.88574, 118.882645, 0.0 ]
3 year  [ 161.14836, 147.92595, 0.0 ] 7 [ 161.14836, 147.92595, 0.0 ]
3 job  [ 74.61788, 134.7617, 0.0 ] 8 [ 74.61788, 134.7617, 0.0 ]
3 number  [ 24.728111, 133.82687, 0.0 ] 9 [ 24.728111, 133.82687, 0.0 ]
3 just  [ 114.844345, 132.84193, 0.0 ] 10 [ 114.844345, 132.84193, 0.0 ]
3 plan  [ 151.6199, 170.79242, 0.0 ] 11 [ 122.0, 105.0, 0.0 ]
3 government  [ 41.94169, 54.58933, 0.0 ] 12 [ 120.0, 68.0, 0.0 ]
3 medicare  [ 59.03113, 6.0356293, 0.0 ] 13 [ 87.0, 112.0, 0.0 ]
3 state  [ -47.52231, 102.91733, 0.0 ] 14 [ 58.0, 121.0, 0.0 ]
4 people  [ 114.35457, 74.20833, 0.0 ] 0 [ 114.35457, 74.20833, 0.0 ]
4 get  [ 59.602158, 23.525599, 0.0 ] 1 [ 59.602158, 23.525599, 0.0 ]
4 year  [ 151.65755, 156.52072, 0.0 ] 2 [ 151.65755, 156.52072, 0.0 ]
4 president  [ 146.0648, 47.340286, 0.0 ] 3 [ 146.0648, 47.340286, 0.0 ]
4 job  [ 75.373405, 143.1958, 0.0 ] 4 [ 75.373405, 143.1958, 0.0 ]
4 going  [ 259.22928, 115.181206, 0.0 ] 5 [ 259.22928, 115.181206, 0.0 ]
4 make  [ 42.10634, 76.284065, 0.0 ] 6 [ 42.10634, 76.284065, 0.0 ]
4 want  [ 169.40305, 19.740778, 0.0 ] 7 [ 169.40305, 19.740778, 0.0 ]
4 one  [ 155.09439, 129.52838, 0.0 ] 8 [ 155.09439, 129.52838, 0.0 ]
4 america  [ 97.38774, 111.90268, 0.0 ] 9 [ 97.38774, 111.90268, 0.0 ]
4 four  [ 128.153, 189.26404, 0.0 ] 10 [ 122.0, 108.0, 0.0 ]
4 percent  [ 120.75231, 217.63716, 0.0 ] 11 [ 94.0, 129.0, 0.0 ]
4 last  [ 23.59877, 168.94171, 0.0 ] 12 [ 110.0, 108.0, 0.0 ]
4 country  [ -30.359505, 149.9041, 0.0 ] 13 [ 60.0, 125.0, 0.0 ]
4 question  [ 136.64745, 6.583359, 0.0 ] 14 [ 135.0, 117.0, 0.0 ]
5 going  [ 240.544, 117.35215, 0.0 ] 0 [ 240.544, 117.35215, 0.0 ]
5 world  [ 280.72498, 76.049194, 0.0 ] 1 [ 280.72498, 76.049194, 0.0 ]
5 president  [ 141.96515, 41.896244, 0.0 ] 2 [ 141.96515, 41.896244, 0.0 ]
5 make  [ 42.15096, 75.03333, 0.0 ] 3 [ 42.15096, 75.03333, 0.0 ]
5 year  [ 141.32858, 140.9897, 0.0 ] 4 [ 141.32858, 140.9897, 0.0 ]
5 want  [ 174.18979, 10.66675, 0.0 ] 5 [ 174.18979, 10.66675, 0.0 ]
5 people  [ 114.891075, 68.90469, 0.0 ] 6 [ 114.891075, 68.90469, 0.0 ]
5 get  [ 61.368958, 29.112183, 0.0 ] 7 [ 61.368958, 29.112183, 0.0 ]
5 number  [ 14.687148, 131.77408, 0.0 ] 8 [ 14.687148, 131.77408, 0.0 ]
5 america  [ 119.22221, 120.18219, 0.0 ] 9 [ 119.22221, 120.18219, 0.0 ]
5 sure  [ 121.934494, 96.56086, 0.0 ] 10 [ 121.934494, 96.56086, 0.0 ]
5 military  [ 137.99437, 173.47957, 0.0 ] 11 [ 115.0, 111.0, 0.0 ]
5 well  [ 58.31251, 179.69232, 0.0 ] 12 [ 99.0, 123.0, 0.0 ]
5 see  [ 85.28596, 78.92653, 0.0 ] 13 [ 123.0, 83.0, 0.0 ]
5 nation  [ 54.068985, 211.62378, 0.0 ] 14 [ 57.0, 123.0, 0.0 ]
