0 governor  [ 91.556564, 112.698204, 0.0 ] 0 [ 91.556564, 112.698204, 0.0 ]
0 make  [ 261.8121, 48.471157, 0.0 ] 1 [ 261.8121, 48.471157, 0.0 ]
0 going  [ 143.12062, 17.128649, 0.0 ] 2 [ 143.12062, 17.128649, 0.0 ]
0 now  [ 108.068855, 171.54636, 0.0 ] 3 [ 108.068855, 171.54636, 0.0 ]
0 romney  [ 62.294212, 24.338076, 0.0 ] 4 [ 62.294212, 24.338076, 0.0 ]
0 got  [ 184.95818, 52.47347, 0.0 ] 5 [ 184.95818, 52.47347, 0.0 ]
0 know  [ 54.30916, 205.44695, 0.0 ] 6 [ 54.30916, 205.44695, 0.0 ]
0 people  [ 183.62862, 11.689553, 0.0 ] 7 [ 183.62862, 11.689553, 0.0 ]
0 want  [ 213.16476, 198.13895, 0.0 ] 8 [ 213.16476, 198.13895, 0.0 ]
0 just  [ 22.25191, 150.76225, 0.0 ] 9 [ 22.25191, 150.76225, 0.0 ]
0 sure  [ 32.215347, 11.911176, 0.0 ] 10 [ 32.215347, 11.911176, 0.0 ]
0 tax  [ 132.94473, 140.79434, 0.0 ] 11 [ 132.94473, 140.79434, 0.0 ]
0 think  [ 143.84035, 229.13297, 0.0 ] 12 [ 114.0, 109.0, 0.0 ]
0 cut  [ -20.279701, 99.559814, 0.0 ] 13 [ 99.0, 120.0, 0.0 ]
0 way  [ 99.87449, 38.533516, 0.0 ] 14 [ 123.0, 85.0, 0.0 ]
1 make  [ 261.861, 48.476498, 0.0 ] 0 [ 261.861, 48.476498, 0.0 ]
1 going  [ 143.14278, 11.056459, 0.0 ] 1 [ 143.14278, 11.056459, 0.0 ]
1 governor  [ 91.63401, 118.593956, 0.0 ] 2 [ 91.63401, 118.593956, 0.0 ]
1 sure  [ 31.677422, 11.913454, 0.0 ] 3 [ 31.677422, 11.913454, 0.0 ]
1 want  [ 210.93379, 197.78024, 0.0 ] 4 [ 210.93379, 197.78024, 0.0 ]
1 romney  [ 63.664482, 22.087816, 0.0 ] 5 [ 63.664482, 22.087816, 0.0 ]
1 now  [ 110.34855, 174.37486, 0.0 ] 6 [ 110.34855, 174.37486, 0.0 ]
1 just  [ 22.528612, 149.46988, 0.0 ] 7 [ 22.528612, 149.46988, 0.0 ]
1 also  [ 132.73225, 200.92073, 0.0 ] 8 [ 132.73225, 200.92073, 0.0 ]
1 got  [ 185.01071, 52.482895, 0.0 ] 9 [ 185.01071, 52.482895, 0.0 ]
1 tax  [ 118.99892, 144.76683, 0.0 ] 10 [ 118.99892, 144.76683, 0.0 ]
1 people  [ 183.72778, 11.69617, 0.0 ] 11 [ 183.72778, 11.69617, 0.0 ]
1 job  [ 200.9593, 147.14946, 0.0 ] 12 [ 126.0, 101.0, 0.0 ]
1 year  [ 45.38429, 202.61462, 0.0 ] 13 [ 97.0, 125.0, 0.0 ]
1 get  [ 85.89067, 72.47222, 0.0 ] 14 [ 111.0, 105.0, 0.0 ]
2 make  [ 262.5737, 48.45492, 0.0 ] 0 [ 262.5737, 48.45492, 0.0 ]
2 going  [ 143.8549, 17.169178, 0.0 ] 1 [ 143.8549, 17.169178, 0.0 ]
2 sure  [ 33.038017, 11.922652, 0.0 ] 2 [ 33.038017, 11.922652, 0.0 ]
2 governor  [ 92.28551, 129.88858, 0.0 ] 3 [ 92.28551, 129.88858, 0.0 ]
2 now  [ 111.432236, 158.73978, 0.0 ] 4 [ 111.432236, 158.73978, 0.0 ]
2 also  [ 133.40285, 195.589, 0.0 ] 5 [ 133.40285, 195.589, 0.0 ]
2 got  [ 185.68166, 52.460316, 0.0 ] 6 [ 185.68166, 52.460316, 0.0 ]
2 just  [ 23.631721, 147.17555, 0.0 ] 7 [ 23.631721, 147.17555, 0.0 ]
2 know  [ 47.85082, 211.03377, 0.0 ] 8 [ 47.85082, 211.03377, 0.0 ]
2 american  [ 115.6962, 4.025551, 0.0 ] 9 [ 149.0, 60.0, 0.0 ]
2 need  [ 86.82522, 45.494617, 0.0 ] 10 [ 117.0, 94.0, 0.0 ]
2 leadership  [ 11.4010315, 29.93008, 0.0 ] 11 [ 126.0, 68.0, 0.0 ]
2 kind  [ 34.274364, 177.90744, 0.0 ] 12 [ 62.0, 120.0, 0.0 ]
2 world  [ 179.76602, 97.89078, 0.0 ] 13 [ 139.0, 116.0, 0.0 ]
2 china  [ 178.77005, 28.491863, 0.0 ] 14 [ 120.0, 88.0, 0.0 ]
