0 governor  [ 106.94216, 101.70616, 0.0 ] 0 [ 106.94216, 101.70616, 0.0 ]
0 make  [ 136.62096, 116.323326, 0.0 ] 1 [ 136.62096, 116.323326, 0.0 ]
0 going  [ 155.00633, 120.00004, 0.0 ] 2 [ 155.00633, 120.00004, 0.0 ]
0 now  [ 139.27306, 86.52687, 0.0 ] 3 [ 139.27306, 86.52687, 0.0 ]
0 romney  [ 119.11058, 161.57315, 0.0 ] 4 [ 119.11058, 161.57315, 0.0 ]
0 got  [ 174.24405, 116.69983, 0.0 ] 5 [ 174.24405, 116.69983, 0.0 ]
0 think  [ 148.04253, 71.11843, 0.0 ] 6 [ 148.04253, 71.11843, 0.0 ]
0 know  [ 197.50572, 169.02058, 0.0 ] 7 [ 197.50572, 169.02058, 0.0 ]
0 cut  [ 236.69798, 107.24755, 0.0 ] 8 [ 236.69798, 107.24755, 0.0 ]
0 people  [ 212.13855, 93.4218, 0.0 ] 9 [ 212.13855, 93.4218, 0.0 ]
0 want  [ 174.95146, 144.98392, 0.0 ] 10 [ 174.95146, 144.98392, 0.0 ]
0 just  [ 112.68341, 67.6079, 0.0 ] 11 [ 112.68341, 67.6079, 0.0 ]
0 way  [ 133.93925, 182.82358, 0.0 ] 12 [ 133.93925, 182.82358, 0.0 ]
0 sure  [ 89.92017, 147.89905, 0.0 ] 13 [ 89.92017, 147.89905, 0.0 ]
0 tax  [ 145.819, 30.460007, 0.0 ] 14 [ 145.819, 30.460007, 0.0 ]
0 job  [ 212.06879, 66.15264, 0.0 ] 15 [ 212.06879, 66.15264, 0.0 ]
0 well  [ 197.26338, 143.89577, 0.0 ] 16 [ 197.26338, 143.89577, 0.0 ]
0 medicare  [ 80.31076, 91.47713, 0.0 ] 17 [ 80.31076, 91.47713, 0.0 ]
0 plan  [ 228.80363, 186.47116, 0.0 ] 18 [ 228.80363, 186.47116, 0.0 ]
0 year  [ 163.44078, 57.136906, 0.0 ] 19 [ 163.44078, 57.136906, 0.0 ]
0 deficit  [ 57.10222, 136.49765, 0.0 ] 20 [ 57.10222, 136.49765, 0.0 ]
0 also  [ 104.68764, 161.29042, 0.0 ] 21 [ 104.68764, 161.29042, 0.0 ]
0 system  [ 58.54368, 100.57973, 0.0 ] 22 [ 58.54368, 100.57973, 0.0 ]
0 american  [ 90.75271, 59.206676, 0.0 ] 23 [ 90.75271, 59.206676, 0.0 ]
0 care  [ 67.95107, 46.50958, 0.0 ] 24 [ 67.95107, 46.50958, 0.0 ]
0 money  [ 278.91827, 165.33788, 0.0 ] 25 [ 278.91827, 165.33788, 0.0 ]
0 trillion  [ 71.04304, 209.7505, 0.0 ] 26 [ 71.04304, 209.7505, 0.0 ]
0 insurance  [ 188.76562, 144.52681, 0.0 ] 27 [ 188.76562, 144.52681, 0.0 ]
0 thing  [ 111.69964, 45.784275, 0.0 ] 28 [ 111.69964, 45.784275, 0.0 ]
0 businesses  [ 41.536903, 38.693527, 0.0 ] 29 [ 41.536903, 38.693527, 0.0 ]
0 health  [ 205.71207, 185.6154, 0.0 ] 30 [ 205.71207, 185.6154, 0.0 ]
0 come  [ 133.01587, 198.19589, 0.0 ] 31 [ 133.01587, 198.19589, 0.0 ]
0 one  [ 285.06174, 68.48102, 0.0 ] 32 [ 285.06174, 68.48102, 0.0 ]
0 like  [ 250.2715, 158.52, 0.0 ] 33 [ 250.2715, 158.52, 0.0 ]
0 taxes  [ 51.03838, 156.38153, 0.0 ] 34 [ 51.03838, 156.38153, 0.0 ]
0 small  [ 162.36621, 30.878428, 0.0 ] 35 [ 162.36621, 30.878428, 0.0 ]
0 right  [ 54.239048, 66.00107, 0.0 ] 36 [ 54.239048, 66.00107, 0.0 ]
0 education  [ 179.74524, 41.92698, 0.0 ] 37 [ 179.74524, 41.92698, 0.0 ]
0 take  [ 87.06317, 197.61812, 0.0 ] 38 [ 87.06317, 197.61812, 0.0 ]
0 help  [ 69.329544, 172.99388, 0.0 ] 39 [ 69.329544, 172.99388, 0.0 ]
0 back  [ 71.71572, 186.31255, 0.0 ] 40 [ 71.71572, 186.31255, 0.0 ]
0 cost  [ 113.58054, 33.89169, 0.0 ] 41 [ 113.58054, 33.89169, 0.0 ]
0 million  [ 215.31392, 203.32057, 0.0 ] 42 [ 215.31392, 203.32057, 0.0 ]
0 state  [ 198.1708, 159.2792, 0.0 ] 43 [ 198.1708, 159.2792, 0.0 ]
0 program  [ 195.46635, 49.011635, 0.0 ] 44 [ 195.46635, 49.011635, 0.0 ]
0 time  [ 55.588673, 34.69229, 0.0 ] 45 [ 55.588673, 34.69229, 0.0 ]
0 folks  [ 235.86073, 148.4582, 0.0 ] 46 [ 235.86073, 148.4582, 0.0 ]
0 reason  [ 102.68112, 104.13451, 0.0 ] 47 [ 102.68112, 104.13451, 0.0 ]
0 getting  [ 217.14455, 125.52373, 0.0 ] 48 [ 217.14455, 125.52373, 0.0 ]
0 let  [ 240.39386, 50.088417, 0.0 ] 49 [ 240.39386, 50.088417, 0.0 ]
0 companies  [ 277.19888, 91.88561, 0.0 ] 50 [ 277.19888, 91.88561, 0.0 ]
0 go  [ 249.04942, 134.10747, 0.0 ] 51 [ 249.04942, 134.10747, 0.0 ]
0 able  [ 64.579414, 118.21945, 0.0 ] 52 [ 64.579414, 118.21945, 0.0 ]
0 opportunity  [ 49.074417, 103.53176, 0.0 ] 53 [ 49.074417, 103.53176, 0.0 ]
0 families  [ 263.339, 41.22085, 0.0 ] 54 [ 263.339, 41.22085, 0.0 ]
0 making  [ 40.076885, 114.99044, 0.0 ] 55 [ 40.076885, 114.99044, 0.0 ]
0 get  [ 56.115387, 79.41333, 0.0 ] 56 [ 56.115387, 79.41333, 0.0 ]
0 believe  [ 20.66435, 94.685875, 0.0 ] 57 [ 20.66435, 94.685875, 0.0 ]
0 fact  [ 231.2993, 36.955753, 0.0 ] 58 [ 231.2993, 36.955753, 0.0 ]
0 republican  [ 95.54208, 86.26329, 0.0 ] 59 [ 95.54208, 86.26329, 0.0 ]
0 difference  [ 40.814037, 166.50429, 0.0 ] 60 [ 40.814037, 166.50429, 0.0 ]
0 spending  [ 214.34035, 135.5704, 0.0 ] 61 [ 214.34035, 135.5704, 0.0 ]
0 middle  [ 197.56296, 33.905014, 0.0 ] 62 [ 197.56296, 33.905014, 0.0 ]
0 deduction  [ 196.82968, 110.78825, 0.0 ] 63 [ 196.82968, 110.78825, 0.0 ]
0 pay  [ 258.33728, 29.555454, 0.0 ] 64 [ 258.33728, 29.555454, 0.0 ]
0 talk  [ 243.48311, 67.32686, 0.0 ] 65 [ 243.48311, 67.32686, 0.0 ]
0 great  [ 48.956043, 148.06105, 0.0 ] 66 [ 48.956043, 148.06105, 0.0 ]
0 percent  [ 67.37221, 30.145363, 0.0 ] 67 [ 67.37221, 30.145363, 0.0 ]
0 first  [ 253.98549, 203.47127, 0.0 ] 68 [ 253.98549, 203.47127, 0.0 ]
0 college  [ 176.41426, 196.67894, 0.0 ] 69 [ 176.41426, 196.67894, 0.0 ]
0 government  [ 199.58434, 70.78028, 0.0 ] 70 [ 199.58434, 70.78028, 0.0 ]
0 look  [ 203.58301, 57.412006, 0.0 ] 71 [ 203.58301, 57.412006, 0.0 ]
0 important  [ 78.86079, 79.07868, 0.0 ] 72 [ 78.86079, 79.07868, 0.0 ]
0 budget  [ 38.166584, 186.39706, 0.0 ] 73 [ 38.166584, 186.39706, 0.0 ]
0 work  [ 212.19014, 85.474014, 0.0 ] 74 [ 212.19014, 85.474014, 0.0 ]
0 made  [ 204.1375, 82.88637, 0.0 ] 75 [ 204.1375, 82.88637, 0.0 ]
0 new  [ 94.760605, 111.27132, 0.0 ] 76 [ 94.760605, 111.27132, 0.0 ]
0 every  [ 48.339317, 197.81728, 0.0 ] 77 [ 48.339317, 197.81728, 0.0 ]
0 security  [ 175.98422, 137.02109, 0.0 ] 78 [ 175.98422, 137.02109, 0.0 ]
0 economic  [ 142.03868, 208.04842, 0.0 ] 79 [ 142.03868, 208.04842, 0.0 ]
0 revenue  [ 143.96355, 217.19217, 0.0 ] 80 [ 135.0, 120.0, 0.0 ]
0 approach  [ 30.934586, 129.9696, 0.0 ] 81 [ 124.0, 118.0, 0.0 ]
0 senior  [ 99.50437, -0.87293243, 0.0 ] 82 [ 131.0, 104.0, 0.0 ]
0 middle-class  [ 18.185928, 176.94969, 0.0 ] 83 [ 68.0, 132.0, 0.0 ]
0 loopholes  [ 178.7307, 226.58055, 0.0 ] 84 [ 161.0, 124.0, 0.0 ]
0 problem  [ 130.20059, 19.782204, 0.0 ] 85 [ 139.0, 93.0, 0.0 ]
0 romney's  [ 133.7307, 226.58055, 0.0 ] 86 [ 116.0, 124.0, 0.0 ]
0 top  [ 117.82308, 121.5499, 0.0 ] 87 [ 141.0, 100.0, 0.0 ]
0 class  [ 223.49289, 214.40604, 0.0 ] 88 [ 169.0, 145.0, 0.0 ]
0 investment  [ 181.153, 236.26404, 0.0 ] 89 [ 175.0, 155.0, 0.0 ]
0 give  [ 176.39777, 18.916931, 0.0 ] 90 [ 165.0, 105.0, 0.0 ]
0 medicaid  [ 114.991394, 8.632904, 0.0 ] 91 [ 130.0, 108.0, 0.0 ]
0 point  [ 15.774963, 104.596466, 0.0 ] 92 [ 98.0, 110.0, 0.0 ]
0 big  [ 153.5434, -0.35652924, 0.0 ] 93 [ 146.0, 110.0, 0.0 ]
0 means  [ 22.04422, 131.8236, 0.0 ] 94 [ 99.0, 103.0, 0.0 ]
0 corporate  [ 204.76764, -1.4779739, 0.0 ] 95 [ 173.0, 111.0, 0.0 ]
0 best  [ 273.42596, 141.78001, 0.0 ] 96 [ 199.0, 110.0, 0.0 ]
0 talking  [ 85.76059, 221.25278, 0.0 ] 97 [ 125.0, 124.0, 0.0 ]
0 reform  [ 110.52357, 0.17558289, 0.0 ] 98 [ 118.0, 49.0, 0.0 ]
0 already  [ 148.47906, 235.86665, 0.0 ] 99 [ 162.0, 139.0, 0.0 ]
1 make  [ 143.36496, 118.72678, 0.0 ] 0 [ 143.36496, 118.72678, 0.0 ]
1 going  [ 159.56755, 120.88202, 0.0 ] 1 [ 159.56755, 120.88202, 0.0 ]
1 governor  [ 110.8743, 103.8288, 0.0 ] 2 [ 110.8743, 103.8288, 0.0 ]
1 sure  [ 75.823105, 143.26857, 0.0 ] 3 [ 75.823105, 143.26857, 0.0 ]
1 want  [ 181.71062, 144.29652, 0.0 ] 4 [ 181.71062, 144.29652, 0.0 ]
1 job  [ 212.59099, 59.7667, 0.0 ] 5 [ 212.59099, 59.7667, 0.0 ]
1 romney  [ 78.84889, 162.29208, 0.0 ] 6 [ 78.84889, 162.29208, 0.0 ]
1 now  [ 138.20438, 89.56696, 0.0 ] 7 [ 138.20438, 89.56696, 0.0 ]
1 just  [ 109.85379, 68.70505, 0.0 ] 8 [ 109.85379, 68.70505, 0.0 ]
1 also  [ 101.640976, 161.50548, 0.0 ] 9 [ 101.640976, 161.50548, 0.0 ]
1 got  [ 181.62196, 118.01071, 0.0 ] 10 [ 181.62196, 118.01071, 0.0 ]
1 year  [ 169.25824, 42.787296, 0.0 ] 11 [ 169.25824, 42.787296, 0.0 ]
1 get  [ 64.58595, 76.70862, 0.0 ] 12 [ 64.58595, 76.70862, 0.0 ]
1 tax  [ 150.75914, 36.997917, 0.0 ] 13 [ 150.75914, 36.997917, 0.0 ]
1 people  [ 209.27957, 86.60043, 0.0 ] 14 [ 209.27957, 86.60043, 0.0 ]
1 think  [ 150.423, 76.99352, 0.0 ] 15 [ 150.423, 76.99352, 0.0 ]
1 country  [ 271.10773, 144.24889, 0.0 ] 16 [ 271.10773, 144.24889, 0.0 ]
1 folks  [ 231.98337, 173.44328, 0.0 ] 17 [ 231.98337, 173.44328, 0.0 ]
1 energy  [ 192.79008, 57.877148, 0.0 ] 18 [ 192.79008, 57.877148, 0.0 ]
1 cut  [ 224.66339, 100.41515, 0.0 ] 19 [ 224.66339, 100.41515, 0.0 ]
1 one  [ 266.41266, 69.21494, 0.0 ] 20 [ 266.41266, 69.21494, 0.0 ]
1 come  [ 136.99176, 204.3729, 0.0 ] 21 [ 136.99176, 204.3729, 0.0 ]
1 economy  [ 200.28412, 156.84236, 0.0 ] 22 [ 200.28412, 156.84236, 0.0 ]
1 thing  [ 115.76479, 47.867123, 0.0 ] 23 [ 115.76479, 47.867123, 0.0 ]
1 well  [ 200.70909, 143.6156, 0.0 ] 24 [ 200.70909, 143.6156, 0.0 ]
1 way  [ 122.41657, 191.32855, 0.0 ] 25 [ 122.41657, 191.32855, 0.0 ]
1 oil  [ 200.00449, 175.54471, 0.0 ] 26 [ 200.00449, 175.54471, 0.0 ]
1 american  [ 103.52142, 61.400173, 0.0 ] 27 [ 103.52142, 61.400173, 0.0 ]
1 like  [ 252.03221, 147.44577, 0.0 ] 28 [ 252.03221, 147.44577, 0.0 ]
1 gas  [ 110.54703, 90.54552, 0.0 ] 29 [ 110.54703, 90.54552, 0.0 ]
1 mean  [ 104.12317, 122.68689, 0.0 ] 30 [ 104.12317, 122.68689, 0.0 ]
1 education  [ 173.59605, 35.510082, 0.0 ] 31 [ 173.59605, 35.510082, 0.0 ]
1 world  [ 76.94521, 111.79875, 0.0 ] 32 [ 76.94521, 111.79875, 0.0 ]
1 go  [ 237.14847, 134.5855, 0.0 ] 33 [ 237.14847, 134.5855, 0.0 ]
1 future  [ 67.47191, 122.099106, 0.0 ] 34 [ 67.47191, 122.099106, 0.0 ]
1 believe  [ 36.922638, 106.4128, 0.0 ] 35 [ 36.922638, 106.4128, 0.0 ]
1 part  [ 85.021164, 46.241993, 0.0 ] 36 [ 85.021164, 46.241993, 0.0 ]
1 women  [ 93.429, 162.81699, 0.0 ] 37 [ 93.429, 162.81699, 0.0 ]
1 deficit  [ 68.673256, 128.90097, 0.0 ] 38 [ 68.673256, 128.90097, 0.0 ]
1 candy  [ 235.41133, 197.1426, 0.0 ] 39 [ 235.41133, 197.1426, 0.0 ]
1 making  [ 42.46896, 117.46363, 0.0 ] 40 [ 42.46896, 117.46363, 0.0 ]
1 college  [ 217.619, 208.3001, 0.0 ] 41 [ 217.619, 208.3001, 0.0 ]
1 companies  [ 258.15424, 82.65776, 0.0 ] 42 [ 258.15424, 82.65776, 0.0 ]
1 done  [ 113.27797, 215.89299, 0.0 ] 43 [ 113.27797, 215.89299, 0.0 ]
1 actually  [ 55.333267, 64.38977, 0.0 ] 44 [ 55.333267, 64.38977, 0.0 ]
1 know  [ 199.85565, 165.09789, 0.0 ] 45 [ 199.85565, 165.09789, 0.0 ]
1 create  [ 100.5577, 206.97781, 0.0 ] 46 [ 100.5577, 206.97781, 0.0 ]
1 families  [ 257.27518, 41.256126, 0.0 ] 47 [ 257.27518, 41.256126, 0.0 ]
1 president  [ 219.08383, 121.25341, 0.0 ] 48 [ 219.08383, 121.25341, 0.0 ]
1 new  [ 42.481678, 75.16898, 0.0 ] 49 [ 42.481678, 75.16898, 0.0 ]
1 pay  [ 252.96475, 28.790089, 0.0 ] 50 [ 252.96475, 28.790089, 0.0 ]
1 percent  [ 64.49193, 22.222265, 0.0 ] 51 [ 64.49193, 22.222265, 0.0 ]
1 good  [ 112.39622, 36.73388, 0.0 ] 52 [ 112.39622, 36.73388, 0.0 ]
1 china  [ 44.852013, 158.67485, 0.0 ] 53 [ 44.852013, 158.67485, 0.0 ]
1 difference  [ 34.02842, 151.90073, 0.0 ] 54 [ 34.02842, 151.90073, 0.0 ]
1 million  [ 200.62743, 197.21655, 0.0 ] 55 [ 200.62743, 197.21655, 0.0 ]
1 need  [ 49.07682, 177.81046, 0.0 ] 56 [ 49.07682, 177.81046, 0.0 ]
1 right  [ 49.428253, 54.48143, 0.0 ] 57 [ 49.428253, 54.48143, 0.0 ]
1 taxes  [ 43.39046, 168.5804, 0.0 ] 58 [ 43.39046, 168.5804, 0.0 ]
1 around  [ 184.08461, 136.95511, 0.0 ] 59 [ 184.08461, 136.95511, 0.0 ]
1 first  [ 244.95131, 186.69391, 0.0 ] 60 [ 244.95131, 186.69391, 0.0 ]
1 last  [ 52.82072, 113.08262, 0.0 ] 61 [ 52.82072, 113.08262, 0.0 ]
1 four  [ 156.02022, 192.23204, 0.0 ] 62 [ 156.02022, 192.23204, 0.0 ]
1 trillion  [ 75.480896, 234.22037, 0.0 ] 63 [ 75.480896, 234.22037, 0.0 ]
1 coal  [ 178.00706, 25.936256, 0.0 ] 64 [ 178.00706, 25.936256, 0.0 ]
1 immigration  [ 216.28827, 53.51119, 0.0 ] 65 [ 216.28827, 53.51119, 0.0 ]
1 great  [ 40.500378, 188.6207, 0.0 ] 66 [ 40.500378, 188.6207, 0.0 ]
1 security  [ 224.62753, 114.53101, 0.0 ] 67 [ 224.62753, 114.53101, 0.0 ]
1 rate  [ 75.06105, 59.435654, 0.0 ] 68 [ 75.06105, 59.435654, 0.0 ]
1 plan  [ 223.1977, 186.09799, 0.0 ] 69 [ 223.1977, 186.09799, 0.0 ]
1 republican  [ 76.844215, 105.02236, 0.0 ] 70 [ 76.844215, 105.02236, 0.0 ]
1 system  [ 81.24602, 97.78795, 0.0 ] 71 [ 81.24602, 97.78795, 0.0 ]
1 working  [ 253.64076, 208.43213, 0.0 ] 72 [ 253.64076, 208.43213, 0.0 ]
1 put  [ 204.76567, 106.00311, 0.0 ] 73 [ 204.76567, 106.00311, 0.0 ]
1 number  [ 40.433064, 198.58069, 0.0 ] 74 [ 40.433064, 198.58069, 0.0 ]
1 able  [ 52.16711, 98.23518, 0.0 ] 75 [ 52.16711, 98.23518, 0.0 ]
1 two  [ 100.08389, 73.16385, 0.0 ] 76 [ 100.08389, 73.16385, 0.0 ]
1 fact  [ 220.65216, 37.181812, 0.0 ] 77 [ 220.65216, 37.181812, 0.0 ]
1 keep  [ 256.15808, 124.55298, 0.0 ] 78 [ 256.15808, 124.55298, 0.0 ]
1 businesses  [ 39.759098, 34.200947, 0.0 ] 79 [ 39.759098, 34.200947, 0.0 ]
1 grow  [ 46.927673, 27.428059, 0.0 ] 80 [ 46.927673, 27.428059, 0.0 ]
1 continue  [ 74.991425, 39.31627, 0.0 ] 81 [ 74.991425, 39.31627, 0.0 ]
1 time  [ 57.212402, 30.903885, 0.0 ] 82 [ 57.212402, 30.903885, 0.0 ]
1 made  [ 202.23079, 77.00941, 0.0 ] 83 [ 202.23079, 77.00941, 0.0 ]
1 help  [ 98.44388, 135.80453, 0.0 ] 84 [ 98.44388, 135.80453, 0.0 ]
1 getting  [ 219.81789, 127.92233, 0.0 ] 85 [ 219.81789, 127.92233, 0.0 ]
1 every  [ 41.99887, 206.2557, 0.0 ] 86 [ 41.99887, 206.2557, 0.0 ]
1 back  [ 120.3993, 166.02138, 0.0 ] 87 [ 120.3993, 166.02138, 0.0 ]
1 care  [ 72.42609, 69.050255, 0.0 ] 88 [ 72.42609, 69.050255, 0.0 ]
1 economic  [ 183.0079, 207.47327, 0.0 ] 89 [ 183.0079, 207.47327, 0.0 ]
1 issue  [ 134.42188, 22.097206, 0.0 ] 90 [ 140.0, 117.0, 0.0 ]
1 young  [ 151.56956, 218.58936, 0.0 ] 91 [ 112.0, 135.0, 0.0 ]
1 everybody  [ 85.50437, 13.127068, 0.0 ] 92 [ 117.0, 118.0, 0.0 ]
1 next  [ 10.286831, 123.62551, 0.0 ] 93 [ 72.0, 130.0, 0.0 ]
1 term  [ 194.7307, 214.58055, 0.0 ] 94 [ 177.0, 112.0, 0.0 ]
1 law  [ 167.2752, 60.85586, 0.0 ] 95 [ 144.0, 92.0, 0.0 ]
1 production  [ 118.97209, 228.25186, 0.0 ] 96 [ 116.0, 124.0, 0.0 ]
1 workers  [ 130.37866, -18.450096, 0.0 ] 97 [ 148.0, 90.0, 0.0 ]
1 bill  [ 123.05548, 176.81412, 0.0 ] 98 [ 176.0, 145.0, 0.0 ]
1 gone  [ 217.58276, 221.10745, 0.0 ] 99 [ 186.0, 153.0, 0.0 ]
2 make  [ 143.37436, 115.31379, 0.0 ] 0 [ 143.37436, 115.31379, 0.0 ]
2 going  [ 160.10612, 120.00004, 0.0 ] 1 [ 160.10612, 120.00004, 0.0 ]
2 sure  [ 75.58635, 138.75574, 0.0 ] 2 [ 75.58635, 138.75574, 0.0 ]
2 governor  [ 114.55513, 103.214066, 0.0 ] 3 [ 114.55513, 103.214066, 0.0 ]
2 now  [ 149.05945, 86.86553, 0.0 ] 4 [ 149.05945, 86.86553, 0.0 ]
2 american  [ 107.170616, 61.768036, 0.0 ] 5 [ 107.170616, 61.768036, 0.0 ]
2 also  [ 109.16356, 158.15128, 0.0 ] 6 [ 109.16356, 158.15128, 0.0 ]
2 got  [ 180.32387, 117.45808, 0.0 ] 7 [ 180.32387, 117.45808, 0.0 ]
2 need  [ 52.158047, 179.52101, 0.0 ] 8 [ 52.158047, 179.52101, 0.0 ]
2 leadership  [ 215.022, 78.07788, 0.0 ] 9 [ 215.022, 78.07788, 0.0 ]
2 kind  [ 181.76112, 137.14328, 0.0 ] 10 [ 181.76112, 137.14328, 0.0 ]
2 just  [ 114.34781, 73.30824, 0.0 ] 11 [ 114.34781, 73.30824, 0.0 ]
2 know  [ 200.06381, 162.65704, 0.0 ] 12 [ 200.06381, 162.65704, 0.0 ]
2 world  [ 99.02859, 118.15108, 0.0 ] 13 [ 99.02859, 118.15108, 0.0 ]
2 china  [ 52.091583, 158.76674, 0.0 ] 14 [ 52.091583, 158.76674, 0.0 ]
2 military  [ 157.19763, 74.975975, 0.0 ] 15 [ 157.19763, 74.975975, 0.0 ]
2 romney  [ 99.02822, 158.87404, 0.0 ] 16 [ 99.02822, 158.87404, 0.0 ]
2 take  [ 110.14539, 201.95264, 0.0 ] 17 [ 110.14539, 201.95264, 0.0 ]
2 job  [ 215.58923, 60.190308, 0.0 ] 18 [ 215.58923, 60.190308, 0.0 ]
2 people  [ 225.71786, 90.1642, 0.0 ] 19 [ 225.71786, 90.1642, 0.0 ]
2 way  [ 125.825935, 187.19221, 0.0 ] 20 [ 125.825935, 187.19221, 0.0 ]
2 iran  [ 115.99372, 90.31229, 0.0 ] 21 [ 115.99372, 90.31229, 0.0 ]
2 work  [ 204.16234, 47.730732, 0.0 ] 22 [ 204.16234, 47.730732, 0.0 ]
2 nuclear  [ 156.62407, 43.200085, 0.0 ] 23 [ 156.62407, 43.200085, 0.0 ]
2 year  [ 179.2583, 62.403843, 0.0 ] 24 [ 179.2583, 62.403843, 0.0 ]
2 israel  [ 224.67966, 102.66029, 0.0 ] 25 [ 224.67966, 102.66029, 0.0 ]
2 making  [ 35.62814, 118.00899, 0.0 ] 26 [ 35.62814, 118.00899, 0.0 ]
2 think  [ 134.93398, 52.076435, 0.0 ] 27 [ 134.93398, 52.076435, 0.0 ]
2 thing  [ 117.36, 38.16826, 0.0 ] 28 [ 117.36, 38.16826, 0.0 ]
2 done  [ 148.93361, 200.52301, 0.0 ] 29 [ 148.93361, 200.52301, 0.0 ]
2 america  [ 97.61787, 130.31854, 0.0 ] 30 [ 97.61787, 130.31854, 0.0 ]
2 come  [ 148.91705, 212.19821, 0.0 ] 31 [ 148.91705, 212.19821, 0.0 ]
2 able  [ 64.46486, 118.27761, 0.0 ] 32 [ 64.46486, 118.27761, 0.0 ]
2 want  [ 182.1879, 153.66663, 0.0 ] 33 [ 182.1879, 153.66663, 0.0 ]
2 one  [ 267.60858, 71.7063, 0.0 ] 34 [ 267.60858, 71.7063, 0.0 ]
2 time  [ 61.31187, 38.176857, 0.0 ] 35 [ 61.31187, 38.176857, 0.0 ]
2 right  [ 56.929626, 71.20194, 0.0 ] 36 [ 56.929626, 71.20194, 0.0 ]
2 back  [ 65.20678, 195.47348, 0.0 ] 37 [ 65.20678, 195.47348, 0.0 ]
2 came  [ 241.25209, 191.88655, 0.0 ] 38 [ 241.25209, 191.88655, 0.0 ]
2 first  [ 237.72954, 176.95055, 0.0 ] 39 [ 237.72954, 176.95055, 0.0 ]
2 whether  [ 70.44564, 109.97776, 0.0 ] 40 [ 70.44564, 109.97776, 0.0 ]
2 troops  [ 97.06621, 55.094547, 0.0 ] 41 [ 97.06621, 55.094547, 0.0 ]
2 state  [ 202.35417, 176.51672, 0.0 ] 42 [ 202.35417, 176.51672, 0.0 ]
2 place  [ 77.06545, 98.15435, 0.0 ] 43 [ 77.06545, 98.15435, 0.0 ]
2 keep  [ 236.54468, 127.00689, 0.0 ] 44 [ 236.54468, 127.00689, 0.0 ]
2 well  [ 199.9865, 151.9886, 0.0 ] 45 [ 199.9865, 151.9886, 0.0 ]
2 education  [ 173.34431, 36.063034, 0.0 ] 46 [ 173.34431, 36.063034, 0.0 ]
2 help  [ 49.920235, 145.98454, 0.0 ] 47 [ 49.920235, 145.98454, 0.0 ]
2 get  [ 63.320583, 84.20471, 0.0 ] 48 [ 63.320583, 84.20471, 0.0 ]
2 nation  [ 190.95602, 153.75568, 0.0 ] 49 [ 190.95602, 153.75568, 0.0 ]
2 continue  [ 74.80202, 39.46328, 0.0 ] 50 [ 74.80202, 39.46328, 0.0 ]
2 policies  [ 40.749283, 158.4716, 0.0 ] 51 [ 40.749283, 158.4716, 0.0 ]
2 security  [ 223.13629, 140.6425, 0.0 ] 52 [ 223.13629, 140.6425, 0.0 ]
2 economy  [ 228.56049, 149.55312, 0.0 ] 53 [ 228.56049, 149.55312, 0.0 ]
2 like  [ 268.98526, 161.18623, 0.0 ] 54 [ 268.98526, 161.18623, 0.0 ]
2 long  [ 160.01038, 188.26315, 0.0 ] 55 [ 160.01038, 188.26315, 0.0 ]
2 businesses  [ 41.36741, 41.075336, 0.0 ] 56 [ 41.36741, 41.075336, 0.0 ]
2 budget  [ 33.092686, 195.77882, 0.0 ] 57 [ 33.092686, 195.77882, 0.0 ]
2 united  [ 254.72139, 56.58786, 0.0 ] 58 [ 254.72139, 56.58786, 0.0 ]
2 president  [ 236.54115, 118.44006, 0.0 ] 59 [ 236.54115, 118.44006, 0.0 ]
2 reason  [ 107.824875, 73.95101, 0.0 ] 60 [ 107.824875, 73.95101, 0.0 ]
2 deficit  [ 65.89831, 130.35638, 0.0 ] 61 [ 65.89831, 130.35638, 0.0 ]
2 put  [ 195.86945, 105.450066, 0.0 ] 62 [ 195.86945, 105.450066, 0.0 ]
2 companies  [ 279.45178, 90.62749, 0.0 ] 63 [ 279.45178, 90.62749, 0.0 ]
2 number  [ 35.319065, 207.81635, 0.0 ] 64 [ 35.319065, 207.81635, 0.0 ]
2 go  [ 246.25844, 156.96843, 0.0 ] 65 [ 246.25844, 156.96843, 0.0 ]
2 last  [ 46.857426, 106.98899, 0.0 ] 66 [ 46.857426, 106.98899, 0.0 ]
2 fact  [ 217.78105, 37.05473, 0.0 ] 67 [ 217.78105, 37.05473, 0.0 ]
2 made  [ 207.42343, 78.221, 0.0 ] 68 [ 207.42343, 78.221, 0.0 ]
2 every  [ 60.89655, 171.78119, 0.0 ] 69 [ 60.89655, 171.78119, 0.0 ]
2 spending  [ 236.54712, 110.989716, 0.0 ] 70 [ 236.54712, 110.989716, 0.0 ]
2 let  [ 243.2645, 44.44202, 0.0 ] 71 [ 243.2645, 44.44202, 0.0 ]
2 threat  [ 207.16696, 187.02219, 0.0 ] 72 [ 207.16696, 187.02219, 0.0 ]
2 future  [ 46.62145, 138.14291, 0.0 ] 73 [ 46.62145, 138.14291, 0.0 ]
2 two  [ 87.30326, 69.59211, 0.0 ] 74 [ 87.30326, 69.59211, 0.0 ]
2 iraq  [ 125.90476, 20.775826, 0.0 ] 75 [ 144.0, 114.0, 0.0 ]
2 region  [ 109.068985, 221.62378, 0.0 ] 76 [ 112.0, 133.0, 0.0 ]
2 countries  [ 72.05832, 27.470306, 0.0 ] 77 [ 115.0, 118.0, 0.0 ]
2 office  [ 24.162235, 87.78641, 0.0 ] 78 [ 70.0, 130.0, 0.0 ]
2 sanctions  [ 197.57458, 201.95663, 0.0 ] 79 [ 156.0, 124.0, 0.0 ]
2 afghanistan  [ 162.83914, 25.864388, 0.0 ] 80 [ 134.0, 94.0, 0.0 ]
2 war  [ 72.35916, 217.52438, 0.0 ] 81 [ 118.0, 123.0, 0.0 ]
2 home  [ 101.20433, -7.0531387, 0.0 ] 82 [ 147.0, 92.0, 0.0 ]
2 overseas  [ 201.57191, 211.74068, 0.0 ] 83 [ 158.0, 147.0, 0.0 ]
2 international  [ 168.02777, 223.41544, 0.0 ] 84 [ 172.0, 154.0, 0.0 ]
2 respect  [ 213.043, 2.6222, 0.0 ] 85 [ 172.0, 95.0, 0.0 ]
2 clear  [ 140.9995, 12.088768, 0.0 ] 86 [ 134.0, 107.0, 0.0 ]
2 always  [ 13.774963, 104.596466, 0.0 ] 87 [ 96.0, 110.0, 0.0 ]
2 throughout  [ 151.43692, 6.5584793, 0.0 ] 88 [ 133.0, 116.0, 0.0 ]
2 ago  [ 9.607079, 131.14383, 0.0 ] 89 [ 94.0, 116.0, 0.0 ]
2 example  [ 158.27094, 233.58789, 0.0 ] 90 [ 172.0, 111.0, 0.0 ]
2 decade  [ 287.5415, 100.04841, 0.0 ] 91 [ 210.0, 98.0, 0.0 ]
2 recognize  [ 169.72124, 17.646431, 0.0 ] 92 [ 123.0, 124.0, 0.0 ]
2 pressure  [ 114.049904, 4.9508934, 0.0 ] 93 [ 116.0, 49.0, 0.0 ]
2 still  [ 231.41965, 80.39316, 0.0 ] 94 [ 165.0, 137.0, 0.0 ]
2 stand  [ 150.63419, -4.4243164, 0.0 ] 95 [ 146.0, 106.0, 0.0 ]
2 true  [ 91.44411, 233.87424, 0.0 ] 96 [ 152.0, 127.0, 0.0 ]
2 wrong  [ 65.15399, 15.884735, 0.0 ] 97 [ 125.0, 96.0, 0.0 ]
2 veteran  [ 4.6277733, 158.25407, 0.0 ] 98 [ 63.0, 148.0, 0.0 ]
2 choice  [ 35.490227, 28.601913, 0.0 ] 99 [ 110.0, 95.0, 0.0 ]
3 people  [ 217.69466, 80.23318, 0.0 ] 0 [ 217.69466, 80.23318, 0.0 ]
3 get  [ 54.006718, 76.37832, 0.0 ] 1 [ 54.006718, 76.37832, 0.0 ]
3 going  [ 160.58865, 112.92399, 0.0 ] 2 [ 160.58865, 112.92399, 0.0 ]
3 president  [ 223.23094, 126.70982, 0.0 ] 3 [ 223.23094, 126.70982, 0.0 ]
3 plan  [ 225.40408, 183.86314, 0.0 ] 4 [ 225.40408, 183.86314, 0.0 ]
3 tax  [ 149.72601, 39.567303, 0.0 ] 5 [ 149.72601, 39.567303, 0.0 ]
3 cut  [ 223.262, 101.48389, 0.0 ] 6 [ 223.262, 101.48389, 0.0 ]
3 one  [ 280.09888, 29.598064, 0.0 ] 7 [ 280.09888, 29.598064, 0.0 ]
3 government  [ 206.45923, 70.10584, 0.0 ] 8 [ 206.45923, 70.10584, 0.0 ]
3 medicare  [ 76.37038, 105.48471, 0.0 ] 9 [ 76.37038, 105.48471, 0.0 ]
3 year  [ 169.63266, 54.29852, 0.0 ] 10 [ 169.63266, 54.29852, 0.0 ]
3 state  [ 213.99278, 205.51208, 0.0 ] 11 [ 213.99278, 205.51208, 0.0 ]
3 job  [ 217.80614, 60.678837, 0.0 ] 12 [ 217.80614, 60.678837, 0.0 ]
3 number  [ 38.561436, 202.18536, 0.0 ] 13 [ 38.561436, 202.18536, 0.0 ]
3 just  [ 115.865395, 74.14747, 0.0 ] 14 [ 115.865395, 74.14747, 0.0 ]
3 way  [ 114.31648, 178.2192, 0.0 ] 15 [ 114.31648, 178.2192, 0.0 ]
3 want  [ 189.36801, 161.80783, 0.0 ] 16 [ 189.36801, 161.80783, 0.0 ]
3 right  [ 51.249535, 59.76052, 0.0 ] 17 [ 51.249535, 59.76052, 0.0 ]
3 rate  [ 49.86452, 44.129353, 0.0 ] 18 [ 49.86452, 44.129353, 0.0 ]
3 taxes  [ 52.509773, 159.85767, 0.0 ] 19 [ 52.509773, 159.85767, 0.0 ]
3 well  [ 209.26015, 142.38255, 0.0 ] 20 [ 209.26015, 142.38255, 0.0 ]
3 percent  [ 56.146297, 30.435995, 0.0 ] 21 [ 56.146297, 30.435995, 0.0 ]
3 america  [ 96.14231, 129.39922, 0.0 ] 22 [ 96.14231, 129.39922, 0.0 ]
3 make  [ 153.34969, 115.58323, 0.0 ] 23 [ 153.34969, 115.58323, 0.0 ]
3 care  [ 99.20858, 61.18167, 0.0 ] 24 [ 99.20858, 61.18167, 0.0 ]
3 cost  [ 114.814095, 47.762577, 0.0 ] 25 [ 114.814095, 47.762577, 0.0 ]
3 put  [ 180.65363, 108.16592, 0.0 ] 26 [ 180.65363, 108.16592, 0.0 ]
3 work  [ 215.57878, 49.469875, 0.0 ] 27 [ 215.57878, 49.469875, 0.0 ]
3 now  [ 143.51251, 93.34174, 0.0 ] 28 [ 143.51251, 93.34174, 0.0 ]
3 take  [ 98.811035, 194.35503, 0.0 ] 29 [ 98.811035, 194.35503, 0.0 ]
3 health  [ 203.62817, 178.98378, 0.0 ] 30 [ 203.62817, 178.98378, 0.0 ]
3 like  [ 258.12906, 155.71254, 0.0 ] 31 [ 258.12906, 155.71254, 0.0 ]
3 need  [ 48.65381, 181.37952, 0.0 ] 32 [ 48.65381, 181.37952, 0.0 ]
3 look  [ 248.33571, 36.51886, 0.0 ] 33 [ 248.33571, 36.51886, 0.0 ]
3 small  [ 169.28085, 38.27148, 0.0 ] 34 [ 169.28085, 38.27148, 0.0 ]
3 two  [ 103.632095, 74.11361, 0.0 ] 35 [ 103.632095, 74.11361, 0.0 ]
3 place  [ 70.919014, 117.180466, 0.0 ] 36 [ 70.919014, 117.180466, 0.0 ]
3 businesses  [ 30.979214, 41.063244, 0.0 ] 37 [ 30.979214, 41.063244, 0.0 ]
3 american  [ 103.55944, 39.198036, 0.0 ] 38 [ 103.55944, 39.198036, 0.0 ]
3 go  [ 245.43962, 140.72768, 0.0 ] 39 [ 245.43962, 140.72768, 0.0 ]
3 school  [ 182.4346, 70.58325, 0.0 ] 40 [ 182.4346, 70.58325, 0.0 ]
3 bring  [ 146.52211, 168.3665, 0.0 ] 41 [ 146.52211, 168.3665, 0.0 ]
3 program  [ 204.72594, 41.22776, 0.0 ] 42 [ 204.72594, 41.22776, 0.0 ]
3 business  [ 182.38869, 154.68243, 0.0 ] 43 [ 182.38869, 154.68243, 0.0 ]
3 back  [ 83.27847, 177.06357, 0.0 ] 44 [ 83.27847, 177.06357, 0.0 ]
3 economy  [ 207.0384, 161.155, 0.0 ] 45 [ 207.0384, 161.155, 0.0 ]
3 deficit  [ 60.276028, 129.36565, 0.0 ] 46 [ 60.276028, 129.36565, 0.0 ]
3 know  [ 201.75908, 168.56584, 0.0 ] 47 [ 201.75908, 168.56584, 0.0 ]
3 kind  [ 180.67819, 143.30438, 0.0 ] 48 [ 180.67819, 143.30438, 0.0 ]
3 time  [ 38.984238, 30.140245, 0.0 ] 49 [ 38.984238, 30.140245, 0.0 ]
3 federal  [ 153.47253, 180.2636, 0.0 ] 50 [ 153.47253, 180.2636, 0.0 ]
3 million  [ 167.44067, 207.93547, 0.0 ] 51 [ 167.44067, 207.93547, 0.0 ]
3 insurance  [ 216.05678, 101.35882, 0.0 ] 52 [ 216.05678, 101.35882, 0.0 ]
3 also  [ 108.74697, 149.58237, 0.0 ] 53 [ 108.74697, 149.58237, 0.0 ]
3 energy  [ 192.04652, 72.24912, 0.0 ] 54 [ 192.04652, 72.24912, 0.0 ]
3 let  [ 254.22969, 51.401707, 0.0 ] 55 [ 254.22969, 51.401707, 0.0 ]
3 think  [ 151.38025, 84.700905, 0.0 ] 56 [ 151.38025, 84.700905, 0.0 ]
3 thing  [ 88.81629, 48.306316, 0.0 ] 57 [ 88.81629, 48.306316, 0.0 ]
3 four  [ 132.4281, 156.99597, 0.0 ] 58 [ 132.4281, 156.99597, 0.0 ]
3 country  [ 272.51294, 141.44539, 0.0 ] 59 [ 272.51294, 141.44539, 0.0 ]
3 sure  [ 98.22476, 140.14983, 0.0 ] 60 [ 98.22476, 140.14983, 0.0 ]
3 last  [ 46.08255, 116.10927, 0.0 ] 61 [ 46.08255, 116.10927, 0.0 ]
3 money  [ 272.57535, 175.003, 0.0 ] 62 [ 272.57535, 175.003, 0.0 ]
3 first  [ 234.00075, 169.37819, 0.0 ] 63 [ 234.00075, 169.37819, 0.0 ]
3 done  [ 132.70934, 194.08923, 0.0 ] 64 [ 132.70934, 194.08923, 0.0 ]
3 believe  [ 42.646492, 107.62574, 0.0 ] 65 [ 42.646492, 107.62574, 0.0 ]
3 fact  [ 205.5105, 30.766373, 0.0 ] 66 [ 205.5105, 30.766373, 0.0 ]
3 deduction  [ 143.49211, 108.680275, 0.0 ] 67 [ 143.49211, 108.680275, 0.0 ]
3 trillion  [ 64.04786, 193.80681, 0.0 ] 68 [ 64.04786, 193.80681, 0.0 ]
3 getting  [ 236.99574, 120.261536, 0.0 ] 69 [ 236.99574, 120.261536, 0.0 ]
3 republican  [ 101.91428, 117.949005, 0.0 ] 70 [ 101.91428, 117.949005, 0.0 ]
3 come  [ 135.2461, 202.96515, 0.0 ] 71 [ 135.2461, 202.96515, 0.0 ]
3 keep  [ 182.11647, 134.09013, 0.0 ] 72 [ 182.11647, 134.09013, 0.0 ]
3 course  [ 145.07161, 103.93226, 0.0 ] 73 [ 145.07161, 103.93226, 0.0 ]
3 budget  [ 38.033264, 172.92906, 0.0 ] 74 [ 38.033264, 172.92906, 0.0 ]
3 education  [ 170.3525, 49.372684, 0.0 ] 75 [ 170.3525, 49.372684, 0.0 ]
3 pay  [ 258.23297, 20.573885, 0.0 ] 76 [ 258.23297, 20.573885, 0.0 ]
3 good  [ 121.823906, 93.412704, 0.0 ] 77 [ 121.823906, 93.412704, 0.0 ]
3 got  [ 181.99187, 124.179955, 0.0 ] 78 [ 181.99187, 124.179955, 0.0 ]
3 working  [ 264.90817, 209.44157, 0.0 ] 79 [ 264.90817, 209.44157, 0.0 ]
3 mr  [ 134.43915, 117.43227, 0.0 ] 80 [ 134.43915, 117.43227, 0.0 ]
3 actually  [ 46.930237, 78.94913, 0.0 ] 81 [ 46.930237, 78.94913, 0.0 ]
3 able  [ 66.284904, 139.39082, 0.0 ] 82 [ 66.284904, 139.39082, 0.0 ]
3 create  [ 102.688835, 207.22021, 0.0 ] 83 [ 102.688835, 207.22021, 0.0 ]
3 taking  [ 146.92163, 126.83216, 0.0 ] 84 [ 146.92163, 126.83216, 0.0 ]
3 billion  [ 130.26807, 27.83117, 0.0 ] 85 [ 139.0, 118.0, 0.0 ]
3 lower  [ 53.570282, 147.43306, 0.0 ] 86 [ 114.0, 134.0, 0.0 ]
3 regulation  [ 114.68492, 215.6778, 0.0 ] 87 [ 117.0, 118.0, 0.0 ]
3 idea  [ 28.735542, 132.41531, 0.0 ] 88 [ 72.0, 129.0, 0.0 ]
3 private  [ 173.96355, 220.19217, 0.0 ] 89 [ 165.0, 123.0, 0.0 ]
3 raise  [ 135.76173, 16.598991, 0.0 ] 90 [ 143.0, 93.0, 0.0 ]
3 better  [ 29.370895, 101.31803, 0.0 ] 91 [ 128.0, 112.0, 0.0 ]
3 obamacare  [ 166.09607, 18.728577, 0.0 ] 92 [ 132.0, 103.0, 0.0 ]
3 jim  [ 159.33548, 222.77658, 0.0 ] 93 [ 179.0, 140.0, 0.0 ]
3 individual  [ 210.58276, 222.10745, 0.0 ] 94 [ 179.0, 154.0, 0.0 ]
3 path  [ 268.3194, 104.740395, 0.0 ] 95 [ 172.0, 101.0, 0.0 ]
3 view  [ 119.895065, 12.514801, 0.0 ] 96 [ 143.0, 100.0, 0.0 ]
3 dodd-frank  [ 14.4133835, 161.11482, 0.0 ] 97 [ 94.0, 112.0, 0.0 ]
3 board  [ 162.47295, 192.92435, 0.0 ] 98 [ 139.0, 115.0, 0.0 ]
3 reduce  [ 20.057198, 110.75725, 0.0 ] 99 [ 99.0, 106.0, 0.0 ]
4 people  [ 216.5391, 89.44474, 0.0 ] 0 [ 216.5391, 89.44474, 0.0 ]
4 get  [ 49.47968, 75.50396, 0.0 ] 1 [ 49.47968, 75.50396, 0.0 ]
4 year  [ 169.4377, 54.936077, 0.0 ] 2 [ 169.4377, 54.936077, 0.0 ]
4 president  [ 215.76094, 127.88873, 0.0 ] 3 [ 215.76094, 127.88873, 0.0 ]
4 job  [ 234.44908, 61.06584, 0.0 ] 4 [ 234.44908, 61.06584, 0.0 ]
4 going  [ 159.64204, 120.11667, 0.0 ] 5 [ 159.64204, 120.11667, 0.0 ]
4 make  [ 146.28822, 113.768845, 0.0 ] 6 [ 146.28822, 113.768845, 0.0 ]
4 want  [ 179.49765, 142.91446, 0.0 ] 7 [ 179.49765, 142.91446, 0.0 ]
4 one  [ 279.89835, 39.22072, 0.0 ] 8 [ 279.89835, 39.22072, 0.0 ]
4 four  [ 136.57394, 177.43636, 0.0 ] 9 [ 136.57394, 177.43636, 0.0 ]
4 america  [ 90.7568, 127.756714, 0.0 ] 10 [ 90.7568, 127.756714, 0.0 ]
4 percent  [ 64.09386, 14.136982, 0.0 ] 11 [ 64.09386, 14.136982, 0.0 ]
4 last  [ 54.93388, 114.136734, 0.0 ] 12 [ 54.93388, 114.136734, 0.0 ]
4 country  [ 280.14786, 145.01968, 0.0 ] 13 [ 280.14786, 145.01968, 0.0 ]
4 just  [ 101.03502, 73.92656, 0.0 ] 14 [ 101.03502, 73.92656, 0.0 ]
4 sure  [ 86.199036, 139.65352, 0.0 ] 15 [ 86.199036, 139.65352, 0.0 ]
4 think  [ 132.44511, 78.62028, 0.0 ] 16 [ 132.44511, 78.62028, 0.0 ]
4 now  [ 133.66774, 91.87602, 0.0 ] 17 [ 133.66774, 91.87602, 0.0 ]
4 put  [ 181.88618, 107.685135, 0.0 ] 18 [ 181.88618, 107.685135, 0.0 ]
4 let  [ 238.54938, 42.761757, 0.0 ] 19 [ 238.54938, 42.761757, 0.0 ]
4 time  [ 65.12973, 26.378616, 0.0 ] 20 [ 65.12973, 26.378616, 0.0 ]
4 take  [ 95.68112, 201.72598, 0.0 ] 21 [ 95.68112, 201.72598, 0.0 ]
4 come  [ 134.52058, 205.99867, 0.0 ] 22 [ 134.52058, 205.99867, 0.0 ]
4 know  [ 202.32399, 162.32535, 0.0 ] 23 [ 202.32399, 162.32535, 0.0 ]
4 energy  [ 173.98734, 76.346924, 0.0 ] 24 [ 173.98734, 76.346924, 0.0 ]
4 back  [ 87.99839, 188.84877, 0.0 ] 25 [ 87.99839, 188.84877, 0.0 ]
4 million  [ 195.30627, 190.08742, 0.0 ] 26 [ 195.30627, 190.08742, 0.0 ]
4 work  [ 200.09007, 43.015152, 0.0 ] 27 [ 200.09007, 43.015152, 0.0 ]
4 number  [ 41.265965, 199.28996, 0.0 ] 28 [ 41.265965, 199.28996, 0.0 ]
4 american  [ 94.91744, 64.43418, 0.0 ] 29 [ 94.91744, 64.43418, 0.0 ]
4 economy  [ 201.6292, 154.52112, 0.0 ] 30 [ 201.6292, 154.52112, 0.0 ]
4 place  [ 78.84369, 103.63592, 0.0 ] 31 [ 78.84369, 103.63592, 0.0 ]
4 right  [ 43.453197, 63.384987, 0.0 ] 32 [ 43.453197, 63.384987, 0.0 ]
4 able  [ 58.512783, 128.19939, 0.0 ] 33 [ 58.512783, 128.19939, 0.0 ]
4 well  [ 202.17264, 143.12183, 0.0 ] 34 [ 202.17264, 143.12183, 0.0 ]
4 coal  [ 179.35017, 30.31076, 0.0 ] 35 [ 179.35017, 30.31076, 0.0 ]
4 good  [ 112.630394, 51.09894, 0.0 ] 36 [ 112.630394, 51.09894, 0.0 ]
4 go  [ 251.00697, 151.39165, 0.0 ] 37 [ 251.00697, 151.39165, 0.0 ]
4 believe  [ 45.304916, 140.29788, 0.0 ] 38 [ 45.304916, 140.29788, 0.0 ]
4 women  [ 124.611305, 152.81488, 0.0 ] 39 [ 124.611305, 152.81488, 0.0 ]
4 president's  [ 130.80518, 139.91884, 0.0 ] 40 [ 130.80518, 139.91884, 0.0 ]
4 also  [ 112.640434, 151.56776, 0.0 ] 41 [ 112.640434, 151.56776, 0.0 ]
4 state  [ 212.08324, 175.04153, 0.0 ] 42 [ 212.08324, 175.04153, 0.0 ]
4 oil  [ 193.49405, 175.1472, 0.0 ] 43 [ 193.49405, 175.1472, 0.0 ]
4 thing  [ 112.16982, 39.55769, 0.0 ] 44 [ 112.16982, 39.55769, 0.0 ]
4 small  [ 155.69827, 44.60284, 0.0 ] 45 [ 155.69827, 44.60284, 0.0 ]
4 two  [ 83.4786, 49.1806, 0.0 ] 46 [ 83.4786, 49.1806, 0.0 ]
4 nation  [ 193.30338, 141.69911, 0.0 ] 47 [ 193.30338, 141.69911, 0.0 ]
4 policies  [ 65.09949, 149.31424, 0.0 ] 48 [ 65.09949, 149.31424, 0.0 ]
4 help  [ 80.946236, 152.97658, 0.0 ] 49 [ 80.946236, 152.97658, 0.0 ]
4 cut  [ 216.44061, 111.372604, 0.0 ] 50 [ 216.44061, 111.372604, 0.0 ]
4 plan  [ 245.01453, 172.74521, 0.0 ] 51 [ 245.01453, 172.74521, 0.0 ]
4 like  [ 268.21933, 167.83534, 0.0 ] 52 [ 268.21933, 167.83534, 0.0 ]
4 first  [ 238.77997, 185.78136, 0.0 ] 53 [ 238.77997, 185.78136, 0.0 ]
4 government  [ 209.92519, 82.43312, 0.0 ] 54 [ 209.92519, 82.43312, 0.0 ]
4 bring  [ 132.48328, 194.87556, 0.0 ] 55 [ 132.48328, 194.87556, 0.0 ]
4 tax  [ 143.62117, 45.52256, 0.0 ] 56 [ 143.62117, 45.52256, 0.0 ]
4 federal  [ 181.0929, 134.75458, 0.0 ] 57 [ 181.0929, 134.75458, 0.0 ]
4 taxes  [ 49.160957, 181.01079, 0.0 ] 58 [ 49.160957, 181.01079, 0.0 ]
4 need  [ 56.281147, 189.65594, 0.0 ] 59 [ 56.281147, 189.65594, 0.0 ]
4 college  [ 226.12823, 201.50139, 0.0 ] 60 [ 226.12823, 201.50139, 0.0 ]
4 done  [ 96.32554, 179.50023, 0.0 ] 61 [ 96.32554, 179.50023, 0.0 ]
4 mr  [ 148.95294, 103.86862, 0.0 ] 62 [ 148.95294, 103.86862, 0.0 ]
4 part  [ 87.81992, 38.026833, 0.0 ] 63 [ 87.81992, 38.026833, 0.0 ]
4 new  [ 41.1658, 89.9272, 0.0 ] 64 [ 41.1658, 89.9272, 0.0 ]
4 business  [ 180.25375, 124.6067, 0.0 ] 65 [ 180.25375, 124.6067, 0.0 ]
4 rate  [ 39.630463, 51.181717, 0.0 ] 66 [ 39.630463, 51.181717, 0.0 ]
4 look  [ 244.601, 32.89274, 0.0 ] 67 [ 244.601, 32.89274, 0.0 ]
4 long  [ 158.69032, 194.84604, 0.0 ] 68 [ 158.69032, 194.84604, 0.0 ]
4 gas  [ 112.27143, 97.35722, 0.0 ] 69 [ 112.27143, 97.35722, 0.0 ]
4 school  [ 183.82947, 77.88205, 0.0 ] 70 [ 183.82947, 77.88205, 0.0 ]
4 much  [ 181.09651, 128.76796, 0.0 ] 71 [ 181.09651, 128.76796, 0.0 ]
4 getting  [ 223.76945, 121.48927, 0.0 ] 72 [ 223.76945, 121.48927, 0.0 ]
4 china  [ 38.453945, 158.0239, 0.0 ] 73 [ 38.453945, 158.0239, 0.0 ]
4 candy  [ 182.85732, 201.35126, 0.0 ] 74 [ 182.85732, 201.35126, 0.0 ]
4 working  [ 258.36105, 206.07117, 0.0 ] 75 [ 258.36105, 206.07117, 0.0 ]
4 way  [ 138.20248, 169.15308, 0.0 ] 76 [ 138.20248, 169.15308, 0.0 ]
4 whether  [ 101.019295, 117.40776, 0.0 ] 77 [ 101.019295, 117.40776, 0.0 ]
4 deduction  [ 191.94716, 77.42154, 0.0 ] 78 [ 191.94716, 77.42154, 0.0 ]
4 trillion  [ 68.57651, 209.19461, 0.0 ] 79 [ 68.57651, 209.19461, 0.0 ]
4 taking  [ 138.21805, 104.27465, 0.0 ] 80 [ 138.21805, 104.27465, 0.0 ]
4 immigration  [ 209.8056, 36.366, 0.0 ] 81 [ 209.8056, 36.366, 0.0 ]
4 pay  [ 269.71472, 27.590652, 0.0 ] 82 [ 269.71472, 27.590652, 0.0 ]
4 question  [ 126.26807, 26.83117, 0.0 ] 83 [ 135.0, 117.0, 0.0 ]
4 kids  [ 111.80934, 217.90991, 0.0 ] 84 [ 115.0, 133.0, 0.0 ]
4 find  [ 32.28868, 127.72464, 0.0 ] 85 [ 129.0, 107.0, 0.0 ]
4 thank  [ 3.6167984, 101.25755, 0.0 ] 86 [ 71.0, 130.0, 0.0 ]
4 answer  [ 251.93861, 115.775764, 0.0 ] 87 [ 156.0, 124.0, 0.0 ]
4 took  [ 178.01744, 2.3611755, 0.0 ] 88 [ 151.0, 85.0, 0.0 ]
4 day  [ 82.83107, 166.10062, 0.0 ] 89 [ 122.0, 122.0, 0.0 ]
4 unemployment  [ 115.121025, -8.4015045, 0.0 ] 90 [ 149.0, 86.0, 0.0 ]
4 tell  [ 189.58553, 212.62978, 0.0 ] 91 [ 174.0, 145.0, 0.0 ]
4 illegally  [ 212.58553, 206.62978, 0.0 ] 92 [ 197.0, 139.0, 0.0 ]
4 price  [ 133.67503, 16.116096, 0.0 ] 93 [ 164.0, 106.0, 0.0 ]
4 understand  [ 123.6128, 7.551552, 0.0 ] 94 [ 129.0, 108.0, 0.0 ]
4 happened  [ 30.977028, 60.334816, 0.0 ] 95 [ 104.0, 99.0, 0.0 ]
4 middle-income  [ 190.08673, 20.249619, 0.0 ] 96 [ 131.0, 117.0, 0.0 ]
4 policy  [ 38.459465, 168.39691, 0.0 ] 97 [ 94.0, 117.0, 0.0 ]
4 someone  [ 236.16412, 143.37648, 0.0 ] 98 [ 154.0, 125.0, 0.0 ]
4 land  [ 140.68109, 142.37585, 0.0 ] 99 [ 209.0, 103.0, 0.0 ]
5 going  [ 158.81361, 121.01465, 0.0 ] 0 [ 158.81361, 121.01465, 0.0 ]
5 world  [ 84.77755, 111.78959, 0.0 ] 1 [ 84.77755, 111.78959, 0.0 ]
5 president  [ 218.943, 129.90672, 0.0 ] 2 [ 218.943, 129.90672, 0.0 ]
5 make  [ 146.31079, 120.17045, 0.0 ] 3 [ 146.31079, 120.17045, 0.0 ]
5 year  [ 172.64876, 57.00303, 0.0 ] 4 [ 172.64876, 57.00303, 0.0 ]
5 want  [ 178.17972, 146.60426, 0.0 ] 5 [ 178.17972, 146.60426, 0.0 ]
5 people  [ 211.05283, 82.67715, 0.0 ] 6 [ 211.05283, 82.67715, 0.0 ]
5 get  [ 58.271816, 74.486336, 0.0 ] 7 [ 58.271816, 74.486336, 0.0 ]
5 number  [ 42.720078, 204.33891, 0.0 ] 8 [ 42.720078, 204.33891, 0.0 ]
5 america  [ 84.9498, 135.09523, 0.0 ] 9 [ 84.9498, 135.09523, 0.0 ]
5 military  [ 152.34413, 76.01126, 0.0 ] 10 [ 152.34413, 76.01126, 0.0 ]
5 well  [ 205.56044, 145.85918, 0.0 ] 11 [ 205.56044, 145.85918, 0.0 ]
5 sure  [ 93.10286, 146.95781, 0.0 ] 12 [ 93.10286, 146.95781, 0.0 ]
5 nation  [ 193.11496, 146.78302, 0.0 ] 13 [ 193.11496, 146.78302, 0.0 ]
5 one  [ 272.6136, 68.723495, 0.0 ] 14 [ 272.6136, 68.723495, 0.0 ]
5 need  [ 47.34802, 181.42827, 0.0 ] 15 [ 47.34802, 181.42827, 0.0 ]
5 look  [ 229.41867, 46.474052, 0.0 ] 16 [ 229.41867, 46.474052, 0.0 ]
5 job  [ 229.00673, 62.877914, 0.0 ] 17 [ 229.00673, 62.877914, 0.0 ]
5 nuclear  [ 154.88406, 46.424046, 0.0 ] 18 [ 154.88406, 46.424046, 0.0 ]
5 back  [ 89.66204, 178.19247, 0.0 ] 19 [ 89.66204, 178.19247, 0.0 ]
5 now  [ 153.4436, 90.307625, 0.0 ] 20 [ 153.4436, 90.307625, 0.0 ]
5 just  [ 121.01611, 74.07751, 0.0 ] 21 [ 121.01611, 74.07751, 0.0 ]
5 iran  [ 118.86748, 89.32969, 0.0 ] 22 [ 118.86748, 89.32969, 0.0 ]
5 four  [ 142.44823, 182.2637, 0.0 ] 23 [ 142.44823, 182.2637, 0.0 ]
5 also  [ 128.14261, 160.49252, 0.0 ] 24 [ 128.14261, 160.49252, 0.0 ]
5 state  [ 205.94893, 177.93887, 0.0 ] 25 [ 205.94893, 177.93887, 0.0 ]
5 go  [ 246.85564, 144.90828, 0.0 ] 26 [ 246.85564, 144.90828, 0.0 ]
5 way  [ 142.97578, 195.32286, 0.0 ] 27 [ 142.97578, 195.32286, 0.0 ]
5 work  [ 206.57346, 33.751568, 0.0 ] 28 [ 206.57346, 33.751568, 0.0 ]
5 government  [ 203.75458, 82.66022, 0.0 ] 29 [ 203.75458, 82.66022, 0.0 ]
5 think  [ 136.1904, 63.21158, 0.0 ] 30 [ 136.1904, 63.21158, 0.0 ]
5 time  [ 59.586803, 38.184883, 0.0 ] 31 [ 59.586803, 38.184883, 0.0 ]
5 come  [ 137.5133, 209.22348, 0.0 ] 32 [ 137.5133, 209.22348, 0.0 ]
5 economy  [ 207.72276, 162.2993, 0.0 ] 33 [ 207.72276, 162.2993, 0.0 ]
5 middle  [ 163.37915, 35.983906, 0.0 ] 34 [ 163.37915, 35.983906, 0.0 ]
5 good  [ 117.20818, 50.598186, 0.0 ] 35 [ 117.20818, 50.598186, 0.0 ]
5 course  [ 130.62224, 103.08902, 0.0 ] 36 [ 130.62224, 103.08902, 0.0 ]
5 right  [ 28.571112, 73.19482, 0.0 ] 37 [ 28.571112, 73.19482, 0.0 ]
5 take  [ 103.95555, 195.07802, 0.0 ] 38 [ 103.95555, 195.07802, 0.0 ]
5 israel  [ 210.79991, 97.09808, 0.0 ] 39 [ 210.79991, 97.09808, 0.0 ]
5 first  [ 246.46176, 175.98123, 0.0 ] 40 [ 246.46176, 175.98123, 0.0 ]
5 budget  [ 37.638203, 170.06198, 0.0 ] 41 [ 37.638203, 170.06198, 0.0 ]
5 help  [ 66.74423, 155.824, 0.0 ] 42 [ 66.74423, 155.824, 0.0 ]
5 got  [ 179.70724, 125.07293, 0.0 ] 43 [ 179.70724, 125.07293, 0.0 ]
5 around  [ 180.56497, 137.8308, 0.0 ] 44 [ 180.56497, 137.8308, 0.0 ]
5 threat  [ 209.10693, 189.89815, 0.0 ] 45 [ 209.10693, 189.89815, 0.0 ]
5 cut  [ 221.91505, 105.82342, 0.0 ] 46 [ 221.91505, 105.82342, 0.0 ]
5 china  [ 45.678135, 145.15701, 0.0 ] 47 [ 45.678135, 145.15701, 0.0 ]
5 million  [ 196.72565, 199.55357, 0.0 ] 48 [ 196.72565, 199.55357, 0.0 ]
5 like  [ 277.27847, 175.6483, 0.0 ] 49 [ 277.27847, 175.6483, 0.0 ]
5 thing  [ 109.135605, 38.453667, 0.0 ] 50 [ 109.135605, 38.453667, 0.0 ]
5 mean  [ 92.9038, 104.4218, 0.0 ] 51 [ 92.9038, 104.4218, 0.0 ]
5 great  [ 37.795334, 159.20325, 0.0 ] 52 [ 37.795334, 159.20325, 0.0 ]
5 leadership  [ 196.157, 87.9826, 0.0 ] 53 [ 196.157, 87.9826, 0.0 ]
5 able  [ 57.560406, 117.57193, 0.0 ] 54 [ 57.560406, 117.57193, 0.0 ]
5 important  [ 81.2154, 96.70528, 0.0 ] 55 [ 81.2154, 96.70528, 0.0 ]
5 know  [ 206.85953, 169.4171, 0.0 ] 56 [ 206.85953, 169.4171, 0.0 ]
5 two  [ 95.017235, 69.378555, 0.0 ] 57 [ 95.017235, 69.378555, 0.0 ]
5 place  [ 57.22093, 106.03207, 0.0 ] 58 [ 57.22093, 106.03207, 0.0 ]
5 part  [ 91.78079, 53.43572, 0.0 ] 59 [ 91.78079, 53.43572, 0.0 ]
5 trillion  [ 80.55755, 168.96768, 0.0 ] 60 [ 80.55755, 168.96768, 0.0 ]
5 came  [ 245.35838, 201.43874, 0.0 ] 61 [ 245.35838, 201.43874, 0.0 ]
5 last  [ 60.056156, 128.53433, 0.0 ] 62 [ 60.056156, 128.53433, 0.0 ]
5 kind  [ 221.89027, 118.90038, 0.0 ] 63 [ 221.89027, 118.90038, 0.0 ]
5 country  [ 273.62888, 144.99048, 0.0 ] 64 [ 273.62888, 144.99048, 0.0 ]
5 put  [ 177.0859, 102.77766, 0.0 ] 65 [ 177.0859, 102.77766, 0.0 ]
5 companies  [ 265.47083, 93.44793, 0.0 ] 66 [ 265.47083, 93.44793, 0.0 ]
5 future  [ 93.02953, 128.78291, 0.0 ] 67 [ 93.02953, 128.78291, 0.0 ]
5 talk  [ 259.07587, 61.30643, 0.0 ] 68 [ 259.07587, 61.30643, 0.0 ]
5 every  [ 37.268707, 195.94502, 0.0 ] 69 [ 37.268707, 195.94502, 0.0 ]
5 let  [ 245.2561, 34.3842, 0.0 ] 70 [ 245.2561, 34.3842, 0.0 ]
5 mr  [ 148.57071, 111.111206, 0.0 ] 71 [ 148.57071, 111.111206, 0.0 ]
5 believe  [ 26.310255, 101.97138, 0.0 ] 72 [ 26.310255, 101.97138, 0.0 ]
5 opportunity  [ 49.620426, 109.34829, 0.0 ] 73 [ 49.620426, 109.34829, 0.0 ]
5 grow  [ 42.85178, 43.643547, 0.0 ] 74 [ 42.85178, 43.643547, 0.0 ]
5 united  [ 269.31976, 38.65478, 0.0 ] 75 [ 269.31976, 38.65478, 0.0 ]
5 president's  [ 142.21762, 147.75429, 0.0 ] 76 [ 142.21762, 147.75429, 0.0 ]
5 much  [ 170.9043, 114.49409, 0.0 ] 77 [ 170.9043, 114.49409, 0.0 ]
5 pay  [ 263.41455, 28.53752, 0.0 ] 78 [ 263.41455, 28.53752, 0.0 ]
5 troops  [ 83.53397, 49.09886, 0.0 ] 79 [ 83.53397, 49.09886, 0.0 ]
5 american  [ 104.85153, 68.06074, 0.0 ] 80 [ 104.85153, 68.06074, 0.0 ]
5 see  [ 103.121025, 20.598495, 0.0 ] 81 [ 137.0, 115.0, 0.0 ]
5 strong  [ 33.366104, 118.424065, 0.0 ] 82 [ 123.0, 118.0, 0.0 ]
5 syria  [ 154.25525, 20.302986, 0.0 ] 83 [ 122.0, 116.0, 0.0 ]
5 east  [ 20.324108, 118.286964, 0.0 ] 84 [ 77.0, 117.0, 0.0 ]
5 pakistan  [ 187.35062, 209.68259, 0.0 ] 85 [ 177.0, 106.0, 0.0 ]
5 principles  [ 133.49364, 10.884483, 0.0 ] 86 [ 137.0, 94.0, 0.0 ]
5 friend  [ 103.128, 214.85727, 0.0 ] 87 [ 117.0, 123.0, 0.0 ]
5 assad  [ 186.06305, 24.099548, 0.0 ] 88 [ 139.0, 102.0, 0.0 ]
5 peace  [ 199.6199, 212.79242, 0.0 ] 89 [ 170.0, 147.0, 0.0 ]
5 teachers  [ 152.96642, 221.29507, 0.0 ] 90 [ 180.0, 154.0, 0.0 ]
5 together  [ 215.043, 3.6222, 0.0 ] 91 [ 174.0, 96.0, 0.0 ]
5 group  [ 74.15399, 26.884735, 0.0 ] 92 [ 134.0, 107.0, 0.0 ]
5 weapon  [ 22.180061, 92.30745, 0.0 ] 93 [ 96.0, 111.0, 0.0 ]
5 trade  [ 73.49023, 39.601913, 0.0 ] 94 [ 148.0, 106.0, 0.0 ]
5 responsible  [ 1.1602402, 158.88963, 0.0 ] 95 [ 91.0, 118.0, 0.0 ]
5 role  [ 254.57501, 102.749435, 0.0 ] 96 [ 172.0, 118.0, 0.0 ]
5 rising  [ 274.07434, 118.776344, 0.0 ] 97 [ 200.0, 110.0, 0.0 ]
5 take-home  [ 53.539436, 21.164597, 0.0 ] 98 [ 135.0, 109.0, 0.0 ]
5 end  [ 111.93351, 7.9740715, 0.0 ] 99 [ 122.0, 48.0, 0.0 ]
