0 fry  [ 27.962757, 171.66469, 0.0 ] 0 [ 27.962757, 171.66469, 0.0 ]
0 leela  [ 226.0818, 115.42992, 0.0 ] 1 [ 226.0818, 115.42992, 0.0 ]
0 bender  [ 76.591415, 52.53999, 0.0 ] 2 [ 76.591415, 52.53999, 0.0 ]
0 cut  [ 117.976616, 37.059437, 0.0 ] 3 [ 117.976616, 37.059437, 0.0 ]
0 farnsworth  [ 43.808773, 72.13707, 0.0 ] 4 [ 43.808773, 72.13707, 0.0 ]
0 look  [ 171.8559, 114.737335, 0.0 ] 5 [ 171.8559, 114.737335, 0.0 ]
0 around  [ 130.04793, 183.09215, 0.0 ] 6 [ 130.04793, 183.09215, 0.0 ]
0 planet  [ 165.8255, 166.64684, 0.0 ] 7 [ 165.8255, 166.64684, 0.0 ]
0 job  [ 162.76588, 71.17214, 0.0 ] 8 [ 162.76588, 71.17214, 0.0 ]
0 new  [ 169.13528, 93.45198, 0.0 ] 9 [ 169.13528, 93.45198, 0.0 ]
0 head  [ 103.38449, 137.43556, 0.0 ] 10 [ 103.38449, 137.43556, 0.0 ]
0 man  [ 156.91667, 111.887596, 0.0 ] 11 [ 156.91667, 111.887596, 0.0 ]
0 crowd  [ 187.98575, 46.399803, 0.0 ] 12 [ 187.98575, 46.399803, 0.0 ]
0 great  [ 201.2298, 62.00062, 0.0 ] 13 [ 201.2298, 62.00062, 0.0 ]
0 open  [ 201.0495, 28.6251, 0.0 ] 14 [ 201.0495, 28.6251, 0.0 ]
1 fry  [ 27.105288, 173.81688, 0.0 ] 0 [ 27.105288, 173.81688, 0.0 ]
1 leela  [ 235.46098, 115.328186, 0.0 ] 1 [ 235.46098, 115.328186, 0.0 ]
1 bender  [ 75.5722, 60.680355, 0.0 ] 2 [ 75.5722, 60.680355, 0.0 ]
1 amy  [ 153.37355, 114.44604, 0.0 ] 3 [ 153.37355, 114.44604, 0.0 ]
1 cut  [ 121.48407, 38.89432, 0.0 ] 4 [ 121.48407, 38.89432, 0.0 ]
1 look  [ 177.55672, 115.708916, 0.0 ] 5 [ 177.55672, 115.708916, 0.0 ]
1 like  [ 177.11102, 61.74927, 0.0 ] 6 [ 177.11102, 61.74927, 0.0 ]
1 planet  [ 177.68106, 148.45923, 0.0 ] 7 [ 177.68106, 148.45923, 0.0 ]
1 around  [ 124.237274, 181.55753, 0.0 ] 8 [ 124.237274, 181.55753, 0.0 ]
1 farnsworth  [ 51.378765, 79.81151, 0.0 ] 9 [ 51.378765, 79.81151, 0.0 ]
1 get  [ 112.239555, 152.49539, 0.0 ] 10 [ 112.239555, 152.49539, 0.0 ]
1 moon  [ 160.50427, 93.07046, 0.0 ] 11 [ 160.50427, 93.07046, 0.0 ]
1 park  [ 101.66093, 128.44992, 0.0 ] 12 [ 101.66093, 128.44992, 0.0 ]
1 farmer  [ 47.263054, 42.928963, 0.0 ] 13 [ 47.263054, 42.928963, 0.0 ]
1 express  [ 113.17011, 197.33197, 0.0 ] 14 [ 113.17011, 197.33197, 0.0 ]
2 fry  [ -0.10060349, 174.99873, 0.0 ] 0 [ -0.10060349, 174.99873, 0.0 ]
2 bender  [ 96.10185, 66.0245, 0.0 ] 1 [ 96.10185, 66.0245, 0.0 ]
2 leela  [ 226.94954, 117.4752, 0.0 ] 2 [ 226.94954, 117.4752, 0.0 ]
2 come  [ 158.54291, 121.75691, 0.0 ] 3 [ 158.54291, 121.75691, 0.0 ]
2 back  [ 153.20554, 103.67883, 0.0 ] 4 [ 153.20554, 103.67883, 0.0 ]
2 robot  [ 166.17863, 83.241135, 0.0 ] 5 [ 166.17863, 83.241135, 0.0 ]
2 just  [ 74.08628, 134.61821, 0.0 ] 6 [ 74.08628, 134.61821, 0.0 ]
2 oh  [ 125.924126, 42.779385, 0.0 ] 7 [ 125.924126, 42.779385, 0.0 ]
2 get  [ 158.93555, 142.13202, 0.0 ] 8 [ 158.93555, 142.13202, 0.0 ]
2 human  [ 148.82062, 169.37354, 0.0 ] 9 [ 148.82062, 169.37354, 0.0 ]
2 apartment  [ 123.92586, 26.434689, 0.0 ] 10 [ 123.92586, 26.434689, 0.0 ]
2 tv  [ 154.48204, 182.74751, 0.0 ] 11 [ 154.48204, 182.74751, 0.0 ]
2 hey  [ 134.10777, 122.017136, 0.0 ] 12 [ 134.10777, 122.017136, 0.0 ]
2 calculon  [ 54.48317, 46.670532, 0.0 ] 13 [ 54.48317, 46.670532, 0.0 ]
2 walk  [ 206.76224, 100.38711, 0.0 ] 14 [ 206.76224, 100.38711, 0.0 ]
3 leela  [ 218.08278, 114.21487, 0.0 ] 0 [ 218.08278, 114.21487, 0.0 ]
3 fry  [ 28.704586, 177.7784, 0.0 ] 1 [ 28.704586, 177.7784, 0.0 ]
3 bender  [ 82.7346, 52.716972, 0.0 ] 2 [ 82.7346, 52.716972, 0.0 ]
3 just  [ 91.6547, 155.90663, 0.0 ] 3 [ 91.6547, 155.90663, 0.0 ]
3 planet  [ 160.36023, 170.3695, 0.0 ] 4 [ 160.36023, 170.3695, 0.0 ]
3 cut  [ 122.474976, 34.441204, 0.0 ] 5 [ 122.474976, 34.441204, 0.0 ]
3 amy  [ 160.32256, 120.773186, 0.0 ] 6 [ 160.32256, 120.773186, 0.0 ]
3 back  [ 160.28227, 107.79923, 0.0 ] 7 [ 160.28227, 107.79923, 0.0 ]
3 zapp  [ 158.00964, 70.35844, 0.0 ] 8 [ 158.00964, 70.35844, 0.0 ]
3 kif  [ 122.0215, 157.53365, 0.0 ] 9 [ 122.0215, 157.53365, 0.0 ]
3 ship  [ 160.78842, 188.78058, 0.0 ] 10 [ 160.78842, 188.78058, 0.0 ]
3 animal  [ 89.57817, 214.72713, 0.0 ] 11 [ 89.57817, 214.72713, 0.0 ]
3 nimbus  [ 143.59929, 92.616844, 0.0 ] 12 [ 143.59929, 92.616844, 0.0 ]
3 captain  [ 160.81215, 57.06535, 0.0 ] 13 [ 160.81215, 57.06535, 0.0 ]
3 vergon  [ 130.64714, 103.45733, 0.0 ] 14 [ 130.64714, 103.45733, 0.0 ]
4 robot  [ 166.2804, 76.77182, 0.0 ] 0 [ 166.2804, 76.77182, 0.0 ]
4 fry  [ 25.395834, 182.20644, 0.0 ] 1 [ 25.395834, 182.20644, 0.0 ]
4 bender  [ 76.38738, 49.351383, 0.0 ] 2 [ 76.38738, 49.351383, 0.0 ]
4 leela  [ 230.67152, 116.03467, 0.0 ] 3 [ 230.67152, 116.03467, 0.0 ]
4 human  [ 128.95598, 173.27586, 0.0 ] 4 [ 128.95598, 173.27586, 0.0 ]
4 like  [ 166.77405, 53.779144, 0.0 ] 5 [ 166.77405, 53.779144, 0.0 ]
4 just  [ 106.64761, 137.25943, 0.0 ] 6 [ 106.64761, 137.25943, 0.0 ]
4 oh  [ 126.574455, 44.94756, 0.0 ] 7 [ 126.574455, 44.94756, 0.0 ]
4 come  [ 159.99992, 117.93879, 0.0 ] 8 [ 159.99992, 117.93879, 0.0 ]
4 get  [ 134.19226, 150.23921, 0.0 ] 9 [ 134.19226, 150.23921, 0.0 ]
4 now  [ 266.5514, 116.01655, 0.0 ] 10 [ 266.5514, 116.01655, 0.0 ]
4 farnsworth  [ 50.87989, 80.26272, 0.0 ] 11 [ 50.87989, 80.26272, 0.0 ]
4 elder  [ 28.211916, 101.308685, 0.0 ] 12 [ 28.211916, 101.308685, 0.0 ]
4 go  [ 154.44902, 129.99408, 0.0 ] 13 [ 154.44902, 129.99408, 0.0 ]
4 blue  [ 168.58395, 150.94835, 0.0 ] 14 [ 168.58395, 150.94835, 0.0 ]
5 governor  [ 135.20337, 96.21394, 0.0 ] 0 [ 135.20337, 96.21394, 0.0 ]
5 make  [ 160.0002, 117.57552, 0.0 ] 1 [ 160.0002, 117.57552, 0.0 ]
5 going  [ 189.0843, 145.06328, 0.0 ] 2 [ 189.0843, 145.06328, 0.0 ]
5 now  [ 266.04758, 104.41492, 0.0 ] 3 [ 266.04758, 104.41492, 0.0 ]
5 romney  [ 110.26481, 86.42392, 0.0 ] 4 [ 110.26481, 86.42392, 0.0 ]
5 got  [ 93.31519, 52.081512, 0.0 ] 5 [ 93.31519, 52.081512, 0.0 ]
5 know  [ 188.21783, 172.5659, 0.0 ] 6 [ 188.21783, 172.5659, 0.0 ]
5 cut  [ 118.774315, 23.937685, 0.0 ] 7 [ 118.774315, 23.937685, 0.0 ]
5 people  [ 197.38374, 75.24427, 0.0 ] 8 [ 197.38374, 75.24427, 0.0 ]
5 want  [ 200.3386, 54.17725, 0.0 ] 9 [ 200.3386, 54.17725, 0.0 ]
5 just  [ 81.8072, 153.6166, 0.0 ] 10 [ 81.8072, 153.6166, 0.0 ]
5 sure  [ 90.17863, 86.172325, 0.0 ] 11 [ 90.17863, 86.172325, 0.0 ]
5 tax  [ 198.9638, 196.00598, 0.0 ] 12 [ 198.9638, 196.00598, 0.0 ]
5 think  [ 112.5806, 187.57411, 0.0 ] 13 [ 112.5806, 187.57411, 0.0 ]
5 way  [ 130.8778, 146.58904, 0.0 ] 14 [ 130.8778, 146.58904, 0.0 ]
6 make  [ 159.98979, 114.415565, 0.0 ] 0 [ 159.98979, 114.415565, 0.0 ]
6 going  [ 176.0195, 143.03085, 0.0 ] 1 [ 176.0195, 143.03085, 0.0 ]
6 governor  [ 135.23253, 94.284256, 0.0 ] 2 [ 135.23253, 94.284256, 0.0 ]
6 sure  [ 70.50257, 73.50295, 0.0 ] 3 [ 70.50257, 73.50295, 0.0 ]
6 want  [ 205.96912, 50.260944, 0.0 ] 4 [ 205.96912, 50.260944, 0.0 ]
6 job  [ 151.43788, 59.209255, 0.0 ] 5 [ 151.43788, 59.209255, 0.0 ]
6 romney  [ 96.17697, 110.35435, 0.0 ] 6 [ 96.17697, 110.35435, 0.0 ]
6 now  [ 263.33438, 104.26602, 0.0 ] 7 [ 263.33438, 104.26602, 0.0 ]
6 just  [ 67.71942, 164.46506, 0.0 ] 8 [ 67.71942, 164.46506, 0.0 ]
6 also  [ 175.77019, 175.01225, 0.0 ] 9 [ 175.77019, 175.01225, 0.0 ]
6 got  [ 92.58911, 43.817097, 0.0 ] 10 [ 92.58911, 43.817097, 0.0 ]
6 year  [ 114.48125, 170.97334, 0.0 ] 11 [ 114.48125, 170.97334, 0.0 ]
6 get  [ 128.99484, 143.43228, 0.0 ] 12 [ 128.99484, 143.43228, 0.0 ]
6 tax  [ 234.96443, 179.71542, 0.0 ] 13 [ 234.96443, 179.71542, 0.0 ]
6 people  [ 205.91014, 75.017365, 0.0 ] 14 [ 205.91014, 75.017365, 0.0 ]
7 make  [ 164.29189, 115.11779, 0.0 ] 0 [ 164.29189, 115.11779, 0.0 ]
7 going  [ 180.82684, 144.45235, 0.0 ] 1 [ 180.82684, 144.45235, 0.0 ]
7 sure  [ 76.54976, 70.88523, 0.0 ] 2 [ 76.54976, 70.88523, 0.0 ]
7 governor  [ 138.21002, 96.03507, 0.0 ] 3 [ 138.21002, 96.03507, 0.0 ]
7 now  [ 269.1109, 93.69331, 0.0 ] 4 [ 269.1109, 93.69331, 0.0 ]
7 also  [ 148.35602, 175.52754, 0.0 ] 5 [ 148.35602, 175.52754, 0.0 ]
7 got  [ 84.63732, 40.314213, 0.0 ] 6 [ 84.63732, 40.314213, 0.0 ]
7 just  [ 91.5691, 170.96783, 0.0 ] 7 [ 91.5691, 170.96783, 0.0 ]
7 know  [ 210.33865, 179.5228, 0.0 ] 8 [ 210.33865, 179.5228, 0.0 ]
7 world  [ 143.00934, 78.55625, 0.0 ] 9 [ 143.00934, 78.55625, 0.0 ]
7 american  [ 137.03171, 61.922394, 0.0 ] 10 [ 137.03171, 61.922394, 0.0 ]
7 need  [ 115.15367, 146.46785, 0.0 ] 11 [ 115.15367, 146.46785, 0.0 ]
7 leadership  [ 142.50214, 45.18161, 0.0 ] 12 [ 142.50214, 45.18161, 0.0 ]
7 kind  [ 139.40894, 200.36797, 0.0 ] 13 [ 139.40894, 200.36797, 0.0 ]
7 china  [ 104.41195, 117.85887, 0.0 ] 14 [ 104.41195, 117.85887, 0.0 ]
8 people  [ 212.68013, 78.05658, 0.0 ] 0 [ 212.68013, 78.05658, 0.0 ]
8 get  [ 132.90324, 165.02475, 0.0 ] 1 [ 132.90324, 165.02475, 0.0 ]
8 going  [ 171.82132, 124.36359, 0.0 ] 2 [ 171.82132, 124.36359, 0.0 ]
8 president  [ 123.52875, 47.445343, 0.0 ] 3 [ 123.52875, 47.445343, 0.0 ]
8 tax  [ 201.81287, 175.94983, 0.0 ] 4 [ 201.81287, 175.94983, 0.0 ]
8 cut  [ 110.01733, 18.456017, 0.0 ] 5 [ 110.01733, 18.456017, 0.0 ]
8 one  [ 143.1954, 72.15605, 0.0 ] 6 [ 143.1954, 72.15605, 0.0 ]
8 year  [ 107.13553, 142.66734, 0.0 ] 7 [ 107.13553, 142.66734, 0.0 ]
8 job  [ 165.37581, 60.601173, 0.0 ] 8 [ 165.37581, 60.601173, 0.0 ]
8 number  [ 42.087456, 125.350204, 0.0 ] 9 [ 42.087456, 125.350204, 0.0 ]
8 just  [ 94.25931, 165.2898, 0.0 ] 10 [ 94.25931, 165.2898, 0.0 ]
8 plan  [ 212.85448, 47.185528, 0.0 ] 11 [ 212.85448, 47.185528, 0.0 ]
8 government  [ 22.35627, 109.212715, 0.0 ] 12 [ 22.35627, 109.212715, 0.0 ]
8 medicare  [ 61.167862, 17.041172, 0.0 ] 13 [ 61.167862, 17.041172, 0.0 ]
8 state  [ 170.10722, 25.715124, 0.0 ] 14 [ 170.10722, 25.715124, 0.0 ]
9 people  [ 211.03288, 78.2956, 0.0 ] 0 [ 211.03288, 78.2956, 0.0 ]
9 get  [ 122.1671, 173.68793, 0.0 ] 1 [ 122.1671, 173.68793, 0.0 ]
9 year  [ 105.51605, 143.70726, 0.0 ] 2 [ 105.51605, 143.70726, 0.0 ]
9 president  [ 128.16609, 37.702805, 0.0 ] 3 [ 128.16609, 37.702805, 0.0 ]
9 job  [ 150.01149, 65.52311, 0.0 ] 4 [ 150.01149, 65.52311, 0.0 ]
9 going  [ 191.96516, 132.08978, 0.0 ] 5 [ 191.96516, 132.08978, 0.0 ]
9 make  [ 159.83704, 110.32425, 0.0 ] 6 [ 159.83704, 110.32425, 0.0 ]
9 want  [ 211.13892, 56.32578, 0.0 ] 7 [ 211.13892, 56.32578, 0.0 ]
9 one  [ 106.50376, 76.41906, 0.0 ] 8 [ 106.50376, 76.41906, 0.0 ]
9 america  [ 116.29374, 22.595545, 0.0 ] 9 [ 116.29374, 22.595545, 0.0 ]
9 four  [ 192.01689, 161.38583, 0.0 ] 10 [ 192.01689, 161.38583, 0.0 ]
9 percent  [ 37.822464, 138.44514, 0.0 ] 11 [ 37.822464, 138.44514, 0.0 ]
9 last  [ 84.46726, 90.05988, 0.0 ] 12 [ 84.46726, 90.05988, 0.0 ]
9 country  [ 42.3019, 155.77097, 0.0 ] 13 [ 42.3019, 155.77097, 0.0 ]
9 question  [ 216.03961, 161.56145, 0.0 ] 14 [ 216.03961, 161.56145, 0.0 ]
10 going  [ 187.91925, 145.00966, 0.0 ] 0 [ 187.91925, 145.00966, 0.0 ]
10 world  [ 140.83966, 92.488014, 0.0 ] 1 [ 140.83966, 92.488014, 0.0 ]
10 president  [ 118.402855, 44.42463, 0.0 ] 2 [ 118.402855, 44.42463, 0.0 ]
10 make  [ 159.99992, 119.331276, 0.0 ] 3 [ 159.99992, 119.331276, 0.0 ]
10 year  [ 107.32975, 149.03241, 0.0 ] 4 [ 107.32975, 149.03241, 0.0 ]
10 want  [ 201.20412, 58.573433, 0.0 ] 5 [ 201.20412, 58.573433, 0.0 ]
10 people  [ 230.78212, 84.398964, 0.0 ] 6 [ 230.78212, 84.398964, 0.0 ]
10 get  [ 132.31566, 177.70715, 0.0 ] 7 [ 132.31566, 177.70715, 0.0 ]
10 number  [ 33.36149, 131.56924, 0.0 ] 8 [ 33.36149, 131.56924, 0.0 ]
10 america  [ 111.68968, 27.218203, 0.0 ] 9 [ 111.68968, 27.218203, 0.0 ]
10 sure  [ 85.68281, 60.199577, 0.0 ] 10 [ 85.68281, 60.199577, 0.0 ]
10 military  [ 198.95158, 38.385624, 0.0 ] 11 [ 198.95158, 38.385624, 0.0 ]
10 well  [ 184.3562, 177.68657, 0.0 ] 12 [ 184.3562, 177.68657, 0.0 ]
10 see  [ 44.610996, 149.57568, 0.0 ] 13 [ 44.610996, 149.57568, 0.0 ]
10 nation  [ 59.2419, 178.11273, 0.0 ] 14 [ 59.2419, 178.11273, 0.0 ]
