0 GOVERNOR  [ 33.540363, 126.717735, 0.0 ] 0 [ 33.540363, 126.717735, 0.0 ]
0 MAKE  [ 121.802025, 20.38519, 0.0 ] 1 [ 121.802025, 20.38519, 0.0 ]
0 GOING  [ 165.85567, 21.681738, 0.0 ] 2 [ 165.85567, 21.681738, 0.0 ]
0 NOW  [ 161.24849, 173.40096, 0.0 ] 3 [ 161.24849, 173.40096, 0.0 ]
0 ROMNEY  [ 191.26218, 58.34767, 0.0 ] 4 [ 191.26218, 58.34767, 0.0 ]
0 GOT  [ 80.745476, 166.8514, 0.0 ] 5 [ 80.745476, 166.8514, 0.0 ]
0 KNOW  [ 31.904963, 90.95927, 0.0 ] 6 [ 31.904963, 90.95927, 0.0 ]
0 PEOPLE  [ 65.6654, 147.38081, 0.0 ] 7 [ 65.6654, 147.38081, 0.0 ]
0 THINK  [ 180.32521, 201.54912, 0.0 ] 8 [ 180.32521, 201.54912, 0.0 ]
0 JUST  [ 57.665474, 44.025436, 0.0 ] 9 [ 57.665474, 44.025436, 0.0 ]
0 SURE  [ 211.70381, 69.76817, 0.0 ] 10 [ 211.70381, 69.76817, 0.0 ]
0 WANT  [ 83.386505, 195.89778, 0.0 ] 11 [ 83.386505, 195.89778, 0.0 ]
0 TAX  [ 54.56169, 19.740938, 0.0 ] 12 [ 54.56169, 19.740938, 0.0 ]
0 WELL  [ 249.80147, 173.07277, 0.0 ] 13 [ 249.80147, 173.07277, 0.0 ]
0 WAY  [ 236.81895, 107.35599, 0.0 ] 14 [ 236.81895, 107.35599, 0.0 ]
0 MEDICARE  [ 201.32571, 43.7777, 0.0 ] 15 [ 201.32571, 43.7777, 0.0 ]
0 PLAN  [ 19.129217, 204.26834, 0.0 ] 16 [ 19.129217, 204.26834, 0.0 ]
0 ALSO  [ 233.29454, 88.57618, 0.0 ] 17 [ 233.29454, 88.57618, 0.0 ]
0 CARE  [ 116.375626, 217.83792, 0.0 ] 18 [ 128.0, 114.0, 0.0 ]
0 MONEY  [ 46.9279, 71.86235, 0.0 ] 19 [ 99.0, 132.0, 0.0 ]
1 GOING  [ 166.31897, 32.93744, 0.0 ] 0 [ 166.31897, 32.93744, 0.0 ]
1 MAKE  [ 102.43849, 61.366074, 0.0 ] 1 [ 102.43849, 61.366074, 0.0 ]
1 GOVERNOR  [ 49.079803, 129.11562, 0.0 ] 2 [ 49.079803, 129.11562, 0.0 ]
1 SURE  [ 213.13489, 62.16656, 0.0 ] 3 [ 213.13489, 62.16656, 0.0 ]
1 ROMNEY  [ 205.60168, 90.7852, 0.0 ] 4 [ 205.60168, 90.7852, 0.0 ]
1 WANT  [ 83.739006, 174.60461, 0.0 ] 5 [ 83.739006, 174.60461, 0.0 ]
1 NOW  [ 174.2269, 149.91585, 0.0 ] 6 [ 174.2269, 149.91585, 0.0 ]
1 JUST  [ 65.62883, 33.59789, 0.0 ] 7 [ 65.62883, 33.59789, 0.0 ]
1 JOBS  [ 56.14084, 170.38773, 0.0 ] 8 [ 56.14084, 170.38773, 0.0 ]
1 ALSO  [ 206.03783, 109.39942, 0.0 ] 9 [ 206.03783, 109.39942, 0.0 ]
1 GOT  [ 91.99768, 149.8348, 0.0 ] 10 [ 91.99768, 149.8348, 0.0 ]
1 TAX  [ 56.132534, 9.576809, 0.0 ] 11 [ 56.132534, 9.576809, 0.0 ]
1 PEOPLE  [ 62.320843, 110.990166, 0.0 ] 12 [ 62.320843, 110.990166, 0.0 ]
1 GET  [ 146.62997, 106.10972, 0.0 ] 13 [ 146.62997, 106.10972, 0.0 ]
1 YEARS  [ 198.90611, 184.60799, 0.0 ] 14 [ 198.90611, 184.60799, 0.0 ]
1 THINK  [ 198.98428, 201.99333, 0.0 ] 15 [ 198.98428, 201.99333, 0.0 ]
1 COUNTRY  [ 49.052254, 45.65177, 0.0 ] 16 [ 49.052254, 45.65177, 0.0 ]
1 FOLKS  [ 107.33548, 197.77658, 0.0 ] 17 [ 127.0, 115.0, 0.0 ]
1 ENERGY  [ 80.111115, 93.3497, 0.0 ] 18 [ 99.0, 133.0, 0.0 ]
1 ECONOMY  [ 33.28868, 102.72464, 0.0 ] 19 [ 130.0, 82.0, 0.0 ]
2 MAKE  [ 94.01124, 29.958458, 0.0 ] 0 [ 94.01124, 29.958458, 0.0 ]
2 GOING  [ 176.72021, 60.99075, 0.0 ] 1 [ 176.72021, 60.99075, 0.0 ]
2 SURE  [ 204.5882, 74.94375, 0.0 ] 2 [ 204.5882, 74.94375, 0.0 ]
2 GOVERNOR  [ 32.663284, 116.27887, 0.0 ] 3 [ 32.663284, 116.27887, 0.0 ]
2 NOW  [ 167.55168, 178.59172, 0.0 ] 4 [ 167.55168, 178.59172, 0.0 ]
2 ALSO  [ 204.24199, 105.59672, 0.0 ] 5 [ 204.24199, 105.59672, 0.0 ]
2 GOT  [ 94.476944, 151.63026, 0.0 ] 6 [ 94.476944, 151.63026, 0.0 ]
2 JUST  [ 68.01943, 34.918793, 0.0 ] 7 [ 68.01943, 34.918793, 0.0 ]
2 KNOW  [ 58.426147, 97.4323, 0.0 ] 8 [ 58.426147, 97.4323, 0.0 ]
2 NEED  [ 103.340256, 76.48096, 0.0 ] 9 [ 103.340256, 76.48096, 0.0 ]
2 MILITARY  [ 204.30257, 147.97795, 0.0 ] 10 [ 204.30257, 147.97795, 0.0 ]
2 ROMNEY  [ 207.41345, 59.111584, 0.0 ] 11 [ 207.41345, 59.111584, 0.0 ]
2 WORLD  [ 76.26462, 151.68967, 0.0 ] 12 [ 76.26462, 151.68967, 0.0 ]
2 PEOPLE  [ 83.522446, 135.17043, 0.0 ] 13 [ 83.522446, 135.17043, 0.0 ]
2 WAY  [ 231.11632, 128.60408, 0.0 ] 14 [ 231.11632, 128.60408, 0.0 ]
2 LEADERSHIP  [ 53.11242, 136.45181, 0.0 ] 15 [ 153.0, 66.0, 0.0 ]
2 IRAQ  [ 99.56119, 177.62125, 0.0 ] 16 [ 104.0, 127.0, 0.0 ]
2 AMERICAN  [ 115.16478, 210.39603, 0.0 ] 17 [ 95.0, 115.0, 0.0 ]
2 KIND  [ 32.501114, 137.0775, 0.0 ] 18 [ 75.0, 100.0, 0.0 ]
2 CHINA  [ 122.378654, 9.549904, 0.0 ] 19 [ 140.0, 118.0, 0.0 ]
3 PEOPLE  [ 66.254135, 130.28325, 0.0 ] 0 [ 66.254135, 130.28325, 0.0 ]
3 GET  [ 134.59421, 95.18154, 0.0 ] 1 [ 134.59421, 95.18154, 0.0 ]
3 GOING  [ 166.44017, 28.503601, 0.0 ] 2 [ 166.44017, 28.503601, 0.0 ]
3 TAX  [ 54.343163, 25.723995, 0.0 ] 3 [ 54.343163, 25.723995, 0.0 ]
3 PRESIDENT  [ 86.63753, 77.07563, 0.0 ] 4 [ 86.63753, 77.07563, 0.0 ]
3 PLAN  [ 25.871857, 203.17247, 0.0 ] 5 [ 25.871857, 203.17247, 0.0 ]
3 ONE  [ 83.798645, 51.061794, 0.0 ] 6 [ 83.798645, 51.061794, 0.0 ]
3 MEDICARE  [ 225.0054, 62.71804, 0.0 ] 7 [ 225.0054, 62.71804, 0.0 ]
3 NUMBER  [ 241.29327, 54.35627, 0.0 ] 8 [ 241.29327, 54.35627, 0.0 ]
3 JUST  [ 82.965744, 25.680616, 0.0 ] 9 [ 82.965744, 25.680616, 0.0 ]
3 WANT  [ 97.17914, 159.62881, 0.0 ] 10 [ 97.17914, 159.62881, 0.0 ]
3 WAY  [ 241.1425, 151.32834, 0.0 ] 11 [ 241.1425, 151.32834, 0.0 ]
3 WELL  [ 215.65631, 186.34726, 0.0 ] 12 [ 215.65631, 186.34726, 0.0 ]
3 AMERICA  [ 175.40869, 171.68892, 0.0 ] 13 [ 175.40869, 171.68892, 0.0 ]
3 JOBS  [ 88.493576, 179.24701, 0.0 ] 14 [ 88.493576, 179.24701, 0.0 ]
3 GOVERNMENT  [ 108.37414, 207.72064, 0.0 ] 15 [ 95.0, 116.0, 0.0 ]
3 CUT  [ 20.621765, 103.46459, 0.0 ] 16 [ 100.0, 126.0, 0.0 ]
3 TAXES  [ 14.000313, 168.67128, 0.0 ] 17 [ 104.0, 113.0, 0.0 ]
3 STATE  [ -1.0307846, 96.97416, 0.0 ] 18 [ 75.0, 97.0, 0.0 ]
3 RIGHT  [ 260.86493, 68.03349, 0.0 ] 19 [ 172.0, 90.0, 0.0 ]
4 PEOPLE  [ 47.838425, 115.375336, 0.0 ] 0 [ 47.838425, 115.375336, 0.0 ]
4 GET  [ 146.11755, 105.58284, 0.0 ] 1 [ 146.11755, 105.58284, 0.0 ]
4 PRESIDENT  [ 67.04039, 75.11909, 0.0 ] 2 [ 67.04039, 75.11909, 0.0 ]
4 GOING  [ 183.80383, 46.9077, 0.0 ] 3 [ 183.80383, 46.9077, 0.0 ]
4 YEARS  [ 180.59492, 148.7098, 0.0 ] 4 [ 180.59492, 148.7098, 0.0 ]
4 JOBS  [ 76.74199, 172.04674, 0.0 ] 5 [ 76.74199, 172.04674, 0.0 ]
4 MAKE  [ 97.96276, 52.062885, 0.0 ] 6 [ 97.96276, 52.062885, 0.0 ]
4 WANT  [ 94.90677, 199.48495, 0.0 ] 7 [ 94.90677, 199.48495, 0.0 ]
4 FOUR  [ 107.90304, 95.11321, 0.0 ] 8 [ 107.90304, 95.11321, 0.0 ]
4 ONE  [ 27.061888, 40.897724, 0.0 ] 9 [ 27.061888, 40.897724, 0.0 ]
4 AMERICA  [ 203.45537, 145.03891, 0.0 ] 10 [ 203.45537, 145.03891, 0.0 ]
4 SURE  [ 214.09763, 73.31366, 0.0 ] 11 [ 214.09763, 73.31366, 0.0 ]
4 JUST  [ 65.19129, 16.098936, 0.0 ] 12 [ 65.19129, 16.098936, 0.0 ]
4 THINK  [ 203.78171, 195.20341, 0.0 ] 13 [ 203.78171, 195.20341, 0.0 ]
4 COUNTRY  [ 95.07428, 38.331882, 0.0 ] 14 [ 95.07428, 38.331882, 0.0 ]
4 NOW  [ 203.58015, 161.08063, 0.0 ] 15 [ 203.58015, 161.08063, 0.0 ]
4 LAST  [ 121.6128, 12.551552, 0.0 ] 16 [ 127.0, 113.0, 0.0 ]
4 PERCENT  [ 31.640495, 115.9041, 0.0 ] 17 [ 122.0, 91.0, 0.0 ]
4 QUESTION  [ 12.567802, 46.644947, 0.0 ] 18 [ 129.0, 79.0, 0.0 ]
4 LET  [ 80.78712, 100.674644, 0.0 ] 19 [ 74.0, 108.0, 0.0 ]
5 GOING  [ 170.9788, 31.711226, 0.0 ] 0 [ 170.9788, 31.711226, 0.0 ]
5 WORLD  [ 75.05804, 149.16197, 0.0 ] 1 [ 75.05804, 149.16197, 0.0 ]
5 PRESIDENT  [ 50.691296, 76.81431, 0.0 ] 2 [ 50.691296, 76.81431, 0.0 ]
5 WANT  [ 91.91643, 172.59068, 0.0 ] 3 [ 91.91643, 172.59068, 0.0 ]
5 MAKE  [ 78.44829, 55.405567, 0.0 ] 4 [ 78.44829, 55.405567, 0.0 ]
5 PEOPLE  [ 70.04633, 121.53648, 0.0 ] 5 [ 70.04633, 121.53648, 0.0 ]
5 GET  [ 198.01688, 91.36633, 0.0 ] 6 [ 198.01688, 91.36633, 0.0 ]
5 NUMBER  [ 235.88725, 62.916695, 0.0 ] 7 [ 235.88725, 62.916695, 0.0 ]
5 AMERICA  [ 190.94637, 160.69234, 0.0 ] 8 [ 190.94637, 160.69234, 0.0 ]
5 MILITARY  [ 198.70895, 177.03574, 0.0 ] 9 [ 198.70895, 177.03574, 0.0 ]
5 WELL  [ 235.1778, 194.2093, 0.0 ] 10 [ 235.1778, 194.2093, 0.0 ]
5 SURE  [ 207.40498, 40.79521, 0.0 ] 11 [ 207.40498, 40.79521, 0.0 ]
5 ONE  [ 58.1263, 30.227524, 0.0 ] 12 [ 58.1263, 30.227524, 0.0 ]
5 YEARS  [ 154.01118, 196.9673, 0.0 ] 13 [ 154.01118, 196.9673, 0.0 ]
5 NEED  [ 103.018326, 83.07699, 0.0 ] 14 [ 103.018326, 83.07699, 0.0 ]
5 FOUR  [ 107.14554, 102.71345, 0.0 ] 15 [ 107.14554, 102.71345, 0.0 ]
5 SEE  [ 96.38968, 209.57054, 0.0 ] 16 [ 129.0, 110.0, 0.0 ]
5 LOOK  [ -22.2696, 127.45768, 0.0 ] 17 [ 99.0, 129.0, 0.0 ]
5 NUCLEAR  [ 92.6128, 14.551552, 0.0 ] 18 [ 98.0, 115.0, 0.0 ]
5 IRAN  [ -11.95578, 153.8236, 0.0 ] 19 [ 65.0, 125.0, 0.0 ]
