0 someone  [ 39.502335, 79.85038, 0.0 ] 0 [ 39.502335, 79.85038, 0.0 ]
0 good  [ 93.483406, 125.65313, 0.0 ] 1 [ 93.483406, 125.65313, 0.0 ]
0 people  [ 3.8116395, 69.12244, 0.0 ] 2 [ 3.8116395, 69.12244, 0.0 ]
0 yes  [ 125.09901, 116.724434, 0.0 ] 3 [ 97.0, 93.0, 0.0 ]
0 different  [ 61.200596, 51.782204, 0.0 ] 4 [ 70.0, 125.0, 0.0 ]
0 argues  [ 78.493645, 23.884483, 0.0 ] 5 [ 82.0, 107.0, 0.0 ]
0 understand  [ 70.02777, 112.41544, 0.0 ] 6 [ 74.0, 43.0, 0.0 ]
0 remix  [ 172.96355, 163.19217, 0.0 ] 7 [ 164.0, 66.0, 0.0 ]
0 wondering  [ 214.45816, -63.983093, 0.0 ] 8 [ 143.0, 40.0, 0.0 ]
0 excellent  [ 64.213295, -12.579475, 0.0 ] 9 [ 71.0, 114.0, 0.0 ]
0 punk  [ 199.1957, 171.50424, 0.0 ] 10 [ 106.0, 89.0, 0.0 ]
0 affect  [ 211.1957, 213.50424, 0.0 ] 11 [ 118.0, 131.0, 0.0 ]
0 gorillaz  [ 136.35916, 176.52438, 0.0 ] 12 [ 182.0, 82.0, 0.0 ]
0 backs  [ 284.23465, 56.45321, 0.0 ] 13 [ 159.0, 57.0, 0.0 ]
0 destroy  [ 84.655174, -40.558136, 0.0 ] 14 [ 92.0, 97.0, 0.0 ]
1 just  [ 111.36855, 131.83357, 0.0 ] 0 [ 111.36855, 131.83357, 0.0 ]
1 someone  [ 39.085476, 71.74104, 0.0 ] 1 [ 39.085476, 71.74104, 0.0 ]
1 time  [ 113.90639, 196.95004, 0.0 ] 2 [ 113.90639, 196.95004, 0.0 ]
1 something  [ 144.26495, 30.590414, 0.0 ] 3 [ 144.26495, 30.590414, 0.0 ]
1 amazing  [ 14.131225, 40.350063, 0.0 ] 4 [ 14.131225, 40.350063, 0.0 ]
1 shoot  [ 69.60149, 107.052635, 0.0 ] 5 [ 139.0, 51.0, 0.0 ]
1 @sazi  [ 126.76602, 101.89078, 0.0 ] 6 [ 86.0, 120.0, 0.0 ]
1 drink  [ 61.03113, -1.9643707, 0.0 ] 7 [ 89.0, 104.0, 0.0 ]
1 windows  [ -75.2797, 100.559814, 0.0 ] 8 [ 44.0, 121.0, 0.0 ]
1 project  [ 231.59961, 159.44124, 0.0 ] 9 [ 117.0, 110.0, 0.0 ]
1 medea  [ 106.02529, -32.071686, 0.0 ] 10 [ 95.0, 85.0, 0.0 ]
1 proposal  [ 117.55104, 229.71758, 0.0 ] 11 [ 79.0, 112.0, 0.0 ]
1 week  [ 39.525955, 133.46463, 0.0 ] 12 [ 135.0, 57.0, 0.0 ]
1 phone  [ 228.11482, 196.97623, 0.0 ] 13 [ 123.0, 130.0, 0.0 ]
1 apple  [ 233.93483, 99.4489, 0.0 ] 14 [ 138.0, 134.0, 0.0 ]
2 rt  [ 113.28641, 57.272686, 0.0 ] 0 [ 113.28641, 57.272686, 0.0 ]
2 just  [ 114.32873, 172.44637, 0.0 ] 1 [ 114.32873, 172.44637, 0.0 ]
2 need  [ 85.9394, 19.049961, 0.0 ] 2 [ 85.9394, 19.049961, 0.0 ]
2 good  [ 71.69614, 131.3413, 0.0 ] 3 [ 71.69614, 131.3413, 0.0 ]
2 know  [ 222.73222, 73.8643, 0.0 ] 4 [ 222.73222, 73.8643, 0.0 ]
2 something  [ 195.98227, 31.901417, 0.0 ] 5 [ 195.98227, 31.901417, 0.0 ]
2 get  [ 43.97305, 79.714424, 0.0 ] 6 [ 43.97305, 79.714424, 0.0 ]
2 new  [ 102.300705, -25.404633, 0.0 ] 7 [ 85.0, 100.0, 0.0 ]
2 @abduzeedo  [ -6.3229065, 228.64291, 0.0 ] 8 [ 61.0, 126.0, 0.0 ]
2 think  [ -21.662231, 49.889652, 0.0 ] 9 [ 86.0, 104.0, 0.0 ]
2 already  [ -44.829544, 148.96579, 0.0 ] 10 [ 49.0, 118.0, 0.0 ]
2 mom  [ 259.2954, 65.006546, 0.0 ] 11 [ 168.0, 73.0, 0.0 ]
2 care  [ 102.09108, -54.168076, 0.0 ] 12 [ 108.0, 86.0, 0.0 ]
2 @adobe  [ 162.46034, 224.7805, 0.0 ] 13 [ 88.0, 114.0, 0.0 ]
2 @sebastienmontaz  [ 290.48016, 63.147392, 0.0 ] 14 [ 144.0, 33.0, 0.0 ]
5 just  [ 113.24702, 145.33546, 0.0 ] 0 [ 113.24702, 145.33546, 0.0 ]
5 know  [ 223.48068, 73.86275, 0.0 ] 1 [ 223.48068, 73.86275, 0.0 ]
5 need  [ 86.54948, 19.05076, 0.0 ] 2 [ 86.54948, 19.05076, 0.0 ]
5 last  [ 114.70644, 105.38422, 0.0 ] 3 [ 114.70644, 105.38422, 0.0 ]
5 people  [ 6.272226, 66.44116, 0.0 ] 4 [ 6.272226, 66.44116, 0.0 ]
5 nerd  [ 67.22897, 66.3743, 0.0 ] 5 [ 137.0, 59.0, 0.0 ]
5 geek  [ 86.153, 193.26404, 0.0 ] 6 [ 80.0, 112.0, 0.0 ]
5 @nataliataffarel  [ 17.519028, 1.0804443, 0.0 ] 7 [ 42.0, 108.0, 0.0 ]
5 quote  [ -61.451454, 168.90419, 0.0 ] 8 [ 46.0, 111.0, 0.0 ]
5 night  [ 269.5996, 112.44124, 0.0 ] 9 [ 155.0, 63.0, 0.0 ]
5 jobs  [ 121.386375, 72.81824, 0.0 ] 10 [ 119.0, 82.0, 0.0 ]
5 shortest  [ 111.84035, 235.13297, 0.0 ] 11 [ 82.0, 115.0, 0.0 ]
5 normal  [ 125.44691, 45.321514, 0.0 ] 12 [ 100.0, 94.0, 0.0 ]
5 http://t.co/ewgja93y  [ 320.07065, 48.810303, 0.0 ] 13 [ 176.0, 45.0, 0.0 ]
5 help  [ 135.15147, 261.8703, 0.0 ] 14 [ 153.0, 134.0, 0.0 ]
6 now  [ 153.53143, 50.338543, 0.0 ] 0 [ 153.53143, 50.338543, 0.0 ]
6 get  [ 44.583977, 79.71494, 0.0 ] 1 [ 44.583977, 79.71494, 0.0 ]
6 @csdotam  [ 24.895063, 14.514801, 0.0 ] 2 [ 48.0, 102.0, 0.0 ]
6 video  [ 10.132771, 144.53934, 0.0 ] 3 [ 71.0, 116.0, 0.0 ]
6 find  [ 99.37414, 187.72064, 0.0 ] 4 [ 86.0, 96.0, 0.0 ]
6 internet  [ -24.711319, 70.72464, 0.0 ] 5 [ 72.0, 50.0, 0.0 ]
6 13th  [ 198.52444, 104.228134, 0.0 ] 6 [ 130.0, 110.0, 0.0 ]
6 floor  [ 197.43575, 69.80074, 0.0 ] 7 [ 111.0, 84.0, 0.0 ]
6 tell  [ 9.356529, 188.26207, 0.0 ] 8 [ 100.0, 106.0, 0.0 ]
6 seen  [ 78.97212, -13.746681, 0.0 ] 9 [ 100.0, 94.0, 0.0 ]
6 squirrel  [ 198.07433, 141.77634, 0.0 ] 10 [ 124.0, 133.0, 0.0 ]
6 several  [ 220.68509, 168.20352, 0.0 ] 11 [ 128.0, 141.0, 0.0 ]
6 anyone  [ 25.311775, 58.762283, 0.0 ] 12 [ 111.0, 98.0, 0.0 ]
6 @fwong  [ 119.917435, -40.328156, 0.0 ] 13 [ 97.0, 98.0, 0.0 ]
6 anybody  [ 67.6184, 235.15213, 0.0 ] 14 [ 68.0, 102.0, 0.0 ]
7 @bnkimages  [ 77.0, 110.0, 0.0 ] 0 [ 76.0, 110.0, 0.0 ]
7 nope  [ 91.61237, 137.43279, 0.0 ] 1 [ 82.0, 119.0, 0.0 ]
7 @mrfotogenik  [ 52.62873, 87.47571, 0.0 ] 2 [ 60.0, 109.0, 0.0 ]
7 @tekoaphoto  [ 30.128742, 22.525814, 0.0 ] 3 [ 73.0, 40.0, 0.0 ]
7 @luesimonsphoto  [ 64.10706, 64.17334, 0.0 ] 4 [ 69.0, 116.0, 0.0 ]
7 even  [ 79.59932, 30.79493, 0.0 ] 5 [ 92.0, 84.0, 0.0 ]
7 @tommquinn  [ 3.5678024, 4.644947, 0.0 ] 6 [ 120.0, 37.0, 0.0 ]
7 @firetog  [ 97.400314, 169.70486, 0.0 ] 7 [ 88.0, 92.0, 0.0 ]
7 yet  [ 163.24355, 193.25246, 0.0 ] 8 [ 136.0, 120.0, 0.0 ]
7 island  [ 242.84279, 98.76603, 0.0 ] 9 [ 180.0, 78.0, 0.0 ]
8 games  [ 145.0, 54.0, 0.0 ] 0 [ 144.0, 54.0, 0.0 ]
8 play  [ 58.219284, 109.64137, 0.0 ] 1 [ 90.0, 114.0, 0.0 ]
8 http://t.co/beslbukc  [ 41.761734, 34.59899, 0.0 ] 2 [ 49.0, 111.0, 0.0 ]
9 rt  [ 113.83155, 57.273777, 0.0 ] 0 [ 113.83155, 57.273777, 0.0 ]
9 need  [ 87.029465, 19.051405, 0.0 ] 1 [ 87.029465, 19.051405, 0.0 ]
9 last  [ 120.79707, 153.02025, 0.0 ] 2 [ 120.79707, 153.02025, 0.0 ]
9 nice  [ 206.52574, 82.77179, 0.0 ] 3 [ 206.52574, 82.77179, 0.0 ]
9 good  [ 78.1242, 130.7765, 0.0 ] 4 [ 78.1242, 130.7765, 0.0 ]
9 stories  [ 123.70693, 191.9107, 0.0 ] 5 [ 82.0, 104.0, 0.0 ]
9 short  [ -28.87091, 82.16181, 0.0 ] 6 [ 73.0, 116.0, 0.0 ]
9 d800  [ 21.525955, 131.46463, 0.0 ] 7 [ 117.0, 55.0, 0.0 ]
9 film  [ -30.460564, 20.164597, 0.0 ] 8 [ 51.0, 108.0, 0.0 ]
9 music  [ 218.30537, 146.03299, 0.0 ] 9 [ 100.0, 106.0, 0.0 ]
9 pioneer  [ 62.95521, 1.0794678, 0.0 ] 10 [ 105.0, 86.0, 0.0 ]
9 http://t.co/vuuu2cjd  [ 66.16205, 157.14102, 0.0 ] 11 [ 123.0, 37.0, 0.0 ]
9 show  [ 184.6524, 44.92557, 0.0 ] 12 [ 107.0, 93.0, 0.0 ]
9 technical  [ 296.7219, 16.984558, 0.0 ] 13 [ 173.0, 69.0, 0.0 ]
9 every  [ 150.37415, 231.72064, 0.0 ] 14 [ 137.0, 140.0, 0.0 ]
10 rt  [ 114.20569, 57.2746, 0.0 ] 0 [ 114.20569, 57.2746, 0.0 ]
10 become  [ 102.6254, 139.11806, 0.0 ] 1 [ 102.6254, 139.11806, 0.0 ]
10 @kirstykeatch  [ 45.89609, 166.61823, 0.0 ] 2 [ 49.0, 108.0, 0.0 ]
10 pictures  [ 66.16223, 3.7864037, 0.0 ] 3 [ 112.0, 46.0, 0.0 ]
10 take  [ 111.47109, 7.9684143, 0.0 ] 4 [ 80.0, 98.0, 0.0 ]
10 first  [ 61.41255, 194.6907, 0.0 ] 5 [ 49.0, 107.0, 0.0 ]
10 chan  [ 178.26254, 89.45903, 0.0 ] 6 [ 127.0, 110.0, 0.0 ]
10 impressed  [ 188.93483, 51.448902, 0.0 ] 7 [ 93.0, 86.0, 0.0 ]
10 http://t.co/ysdzy9g5  [ 43.41941, -18.679638, 0.0 ] 8 [ 123.0, 32.0, 0.0 ]
10 iveta  [ 8.804977, 49.22029, 0.0 ] 9 [ 136.0, 63.0, 0.0 ]
10 withdrawal  [ 273.43243, 134.01236, 0.0 ] 10 [ 174.0, 59.0, 0.0 ]
10 http://t.co/shsehhaq  [ 91.97209, 251.25186, 0.0 ] 11 [ 89.0, 147.0, 0.0 ]
10 album  [ 145.01627, -26.135315, 0.0 ] 12 [ 116.0, 97.0, 0.0 ]
10 posts  [ 110.26409, -54.87224, 0.0 ] 13 [ 104.0, 95.0, 0.0 ]
10 jackie  [ -58.043716, 148.45435, 0.0 ] 14 [ 74.0, 99.0, 0.0 ]
11 anyway  [ 55.429726, 104.74311, 0.0 ] 0 [ 55.429726, 104.74311, 0.0 ]
11 whiners  [ 87.176025, 129.07605, 0.0 ] 1 [ 87.0, 108.0, 0.0 ]
11 using  [ 86.325905, 162.45569, 0.0 ] 2 [ 86.0, 117.0, 0.0 ]
11 @firefox  [ 67.481514, 71.9987, 0.0 ] 3 [ 78.0, 106.0, 0.0 ]
11 today  [ 44.761734, 37.59899, 0.0 ] 4 [ 52.0, 114.0, 0.0 ]
11 currently  [ 158.98529, 43.37172, 0.0 ] 5 [ 104.0, 111.0, 0.0 ]
11 shot  [ 119.34781, 2.4757004, 0.0 ] 6 [ 104.0, 81.0, 0.0 ]
11 unfollowing  [ 29.16024, 85.88963, 0.0 ] 7 [ 119.0, 45.0, 0.0 ]
11 @popphoto  [ 93.76307, -22.209251, 0.0 ] 8 [ 77.0, 94.0, 0.0 ]
11 buck  [ 235.50592, 85.66286, 0.0 ] 9 [ 164.0, 81.0, 0.0 ]
11 divorce  [ 128.10907, 197.06033, 0.0 ] 10 [ 112.0, 138.0, 0.0 ]
11 july  [ 139.67468, 229.06862, 0.0 ] 11 [ 129.0, 88.0, 0.0 ]
11 cheaper  [ -12.047791, -0.1962738, 0.0 ] 12 [ 87.0, 96.0, 0.0 ]
11 notice  [ -1.753006, 235.3229, 0.0 ] 13 [ 64.0, 98.0, 0.0 ]
11 workshop  [ 71.7027, -50.06514, 0.0 ] 14 [ 84.0, 104.0, 0.0 ]
12 time  [ 115.275, 176.985, 0.0 ] 0 [ 115.275, 176.985, 0.0 ]
12 become  [ 100.35356, 134.51538, 0.0 ] 1 [ 100.35356, 134.51538, 0.0 ]
12 nice  [ 207.27412, 82.76973, 0.0 ] 2 [ 207.27412, 82.76973, 0.0 ]
12 conclude  [ 6.114891, 87.92553, 0.0 ] 3 [ 60.0, 106.0, 0.0 ]
12 dockyard  [ 59.031597, 124.92691, 0.0 ] 4 [ 117.0, 67.0, 0.0 ]
12 btagger  [ 83.049904, 61.950893, 0.0 ] 5 [ 85.0, 106.0, 0.0 ]
12 little  [ 21.185928, 125.94969, 0.0 ] 6 [ 71.0, 81.0, 0.0 ]
12 bermuda  [ 112.36037, 41.864, 0.0 ] 7 [ 102.0, 115.0, 0.0 ]
12 ended  [ 48.71624, -27.796013, 0.0 ] 8 [ 141.0, 49.0, 0.0 ]
12 amount  [ 87.88305, 190.1851, 0.0 ] 9 [ 120.0, 55.0, 0.0 ]
12 @alexdrobertson  [ -14.20816, 32.538742, 0.0 ] 10 [ 142.0, 29.0, 0.0 ]
12 friends  [ 102.22801, 15.377602, 0.0 ] 11 [ 114.0, 133.0, 0.0 ]
12 http://t.co/8i4tyzhu  [ 303.5996, 85.44124, 0.0 ] 12 [ 189.0, 36.0, 0.0 ]
12 rubix  [ 255.4921, -18.894691, 0.0 ] 13 [ 159.0, 62.0, 0.0 ]
12 slow  [ 138.03508, -16.996803, 0.0 ] 14 [ 102.0, 94.0, 0.0 ]
13 amazing  [ 60.92601, 117.112114, 0.0 ] 0 [ 60.92601, 117.112114, 0.0 ]
13 vimeo  [ 100.505745, 87.49869, 0.0 ] 1 [ 95.0, 106.0, 0.0 ]
13 pencilhead  [ 66.176025, 145.07605, 0.0 ] 2 [ 66.0, 124.0, 0.0 ]
13 http://t.co/mclrzgwn  [ 47.049904, 66.9509, 0.0 ] 3 [ 49.0, 111.0, 0.0 ]
14 get  [ 45.065315, 79.71536, 0.0 ] 0 [ 45.065315, 79.71536, 0.0 ]
14 bus  [ 97.06558, 119.96677, 0.0 ] 1 [ 95.0, 92.0, 0.0 ]
14 away  [ 133.26254, 99.45903, 0.0 ] 2 [ 82.0, 120.0, 0.0 ]
14 shakes  [ 141.42047, -38.270927, 0.0 ] 3 [ 122.0, 55.0, 0.0 ]
14 @firstscotland  [ 33.89609, 181.61823, 0.0 ] 4 [ 37.0, 123.0, 0.0 ]
14 service  [ 166.32632, 62.577076, 0.0 ] 5 [ 107.0, 112.0, 0.0 ]
14 rather  [ 16.81221, 41.326122, 0.0 ] 6 [ 96.0, 84.0, 0.0 ]
14 driver  [ 81.73264, 202.79436, 0.0 ] 7 [ 82.0, 110.0, 0.0 ]
14 pulls  [ 178.18695, 24.046043, 0.0 ] 8 [ 106.0, 87.0, 0.0 ]
14 customer  [ 119.07703, 236.93677, 0.0 ] 9 [ 94.0, 136.0, 0.0 ]
14 head  [ 229.3194, 137.74039, 0.0 ] 10 [ 133.0, 134.0, 0.0 ]
14 letting  [ 166.41129, -7.016739, 0.0 ] 11 [ 117.0, 94.0, 0.0 ]
14 wonderful  [ -20.140259, 14.217415, 0.0 ] 12 [ 75.0, 99.0, 0.0 ]
15 now  [ 154.27783, 50.338856, 0.0 ] 0 [ 154.27783, 50.338856, 0.0 ]
15 anyway  [ 22.217772, 115.473335, 0.0 ] 1 [ 22.217772, 115.473335, 0.0 ]
15 25-12  [ 201.29123, 23.559357, 0.0 ] 2 [ 138.0, 42.0, 0.0 ]
15 @500px  [ 54.809345, 201.90991, 0.0 ] 3 [ 58.0, 117.0, 0.0 ]
15 reason  [ 11.702278, 78.16034, 0.0 ] 4 [ 75.0, 109.0, 0.0 ]
15 centre  [ -4.9605026, 109.580864, 0.0 ] 5 [ 73.0, 66.0, 0.0 ]
15 actually  [ 34.413383, 160.11482, 0.0 ] 6 [ 114.0, 111.0, 0.0 ]
15 http://t.co/6w7ytamb  [ -0.9008255, 28.883091, 0.0 ] 7 [ 61.0, 89.0, 0.0 ]
15 python  [ 246.47557, 91.0632, 0.0 ] 8 [ 118.0, 70.0, 0.0 ]
15 results  [ 28.759796, 46.27888, 0.0 ] 9 [ 93.0, 93.0, 0.0 ]
15 saturday  [ 51.444107, 239.87424, 0.0 ] 10 [ 112.0, 133.0, 0.0 ]
15 totally  [ 276.9348, 53.448902, 0.0 ] 11 [ 181.0, 88.0, 0.0 ]
15 paying  [ 71.20433, -4.0531387, 0.0 ] 12 [ 117.0, 95.0, 0.0 ]
15 friday  [ 143.2583, -28.758133, 0.0 ] 13 [ 100.0, 95.0, 0.0 ]
15 else  [ -44.37909, 68.13591, 0.0 ] 14 [ 94.0, 70.0, 0.0 ]
16 good  [ 85.141106, 128.35442, 0.0 ] 0 [ 85.141106, 128.35442, 0.0 ]
16 replacement  [ 75.87386, 101.2888, 0.0 ] 1 [ 78.0, 110.0, 0.0 ]
16 http://t.co/dgwjzwgt  [ 39.523563, 80.17558, 0.0 ] 2 [ 47.0, 129.0, 0.0 ]
16 via  [ 128.18297, 123.80765, 0.0 ] 3 [ 99.0, 97.0, 0.0 ]
16 check  [ 39.200596, 42.782204, 0.0 ] 4 [ 48.0, 116.0, 0.0 ]
16 website  [ 123.99437, 174.47957, 0.0 ] 5 [ 101.0, 112.0, 0.0 ]
16 redoing  [ 94.42678, 13.0909195, 0.0 ] 6 [ 95.0, 84.0, 0.0 ]
16 @juxdotcom  [ 33.662365, 233.38803, 0.0 ] 7 [ 64.0, 114.0, 0.0 ]
16 pretty  [ 171.64651, 46.268402, 0.0 ] 8 [ 96.0, 90.0, 0.0 ]
17 rt  [ 114.58093, 57.27538, 0.0 ] 0 [ 114.58093, 57.27538, 0.0 ]
17 @uoevolleyball  [ 49.64301, 117.44811, 0.0 ] 1 [ 37.0, 107.0, 0.0 ]
17 final  [ 134.99437, 143.47957, 0.0 ] 2 [ 112.0, 81.0, 0.0 ]
17 3:0  [ 43.459465, 150.39691, 0.0 ] 3 [ 99.0, 99.0, 0.0 ]
17 @teamdurham  [ 31.37594, 36.39794, 0.0 ] 4 [ 36.0, 123.0, 0.0 ]
17 @uoesportsunion  [ 166.70871, 84.30324, 0.0 ] 5 [ 76.0, 116.0, 0.0 ]
17 uoesport  [ 203.04091, -54.749718, 0.0 ] 6 [ 141.0, 41.0, 0.0 ]
17 m1  [ 21.977028, 65.334816, 0.0 ] 7 [ 95.0, 104.0, 0.0 ]
17 come  [ 64.895065, 5.514801, 0.0 ] 8 [ 88.0, 93.0, 0.0 ]
17 @uoesportsalu  [ 190.7307, 145.58055, 0.0 ] 9 [ 173.0, 43.0, 0.0 ]
17 25-21  [ 215.62752, 156.10365, 0.0 ] 10 [ 126.0, 136.0, 0.0 ]
17 25-19  [ 239.55812, -41.9937, 0.0 ] 11 [ 159.0, 55.0, 0.0 ]
17 25-23  [ 7.873123, 127.54097, 0.0 ] 12 [ 132.0, 56.0, 0.0 ]
