0 FRY  [ 127.358955, 32.713146, 0.0 ] 0 [ 127.358955, 32.713146, 0.0 ]
0 LEELA  [ 232.78256, 53.702274, 0.0 ] 1 [ 232.78256, 53.702274, 0.0 ]
0 BENDER  [ 90.87066, 66.96905, 0.0 ] 2 [ 90.87066, 66.96905, 0.0 ]
0 CUT  [ 156.44623, 168.01979, 0.0 ] 3 [ 156.44623, 168.01979, 0.0 ]
0 FARNSWORTH  [ 268.44525, 45.261665, 0.0 ] 4 [ 268.44525, 45.261665, 0.0 ]
0 NEW  [ 189.38445, 78.93454, 0.0 ] 5 [ 189.38445, 78.93454, 0.0 ]
0 AROUND  [ 125.95336, 82.0198, 0.0 ] 6 [ 125.95336, 82.0198, 0.0 ]
0 MAN  [ 178.05042, 141.92894, 0.0 ] 7 [ 178.05042, 141.92894, 0.0 ]
0 PLANET  [ 206.66689, 176.79189, 0.0 ] 8 [ 206.66689, 176.79189, 0.0 ]
0 GREAT  [ 116.9381, 11.30908, 0.0 ] 9 [ 116.9381, 11.30908, 0.0 ]
0 CROWD  [ 104.10968, 24.557001, 0.0 ] 10 [ 104.10968, 24.557001, 0.0 ]
0 OUTSIDE  [ 166.01027, 20.849844, 0.0 ] 11 [ 166.01027, 20.849844, 0.0 ]
0 HEAD  [ 170.09409, 205.77296, 0.0 ] 12 [ 170.09409, 205.77296, 0.0 ]
0 LIKE  [ 155.0517, 5.9543076, 0.0 ] 13 [ 155.0517, 5.9543076, 0.0 ]
0 TIME  [ 232.43816, 20.78906, 0.0 ] 14 [ 232.43816, 20.78906, 0.0 ]
0 ONE  [ 69.942154, 49.256382, 0.0 ] 15 [ 69.942154, 49.256382, 0.0 ]
0 LOOKS  [ 140.53271, 139.63847, 0.0 ] 16 [ 140.53271, 139.63847, 0.0 ]
0 JUST  [ 124.28864, 190.37437, 0.0 ] 17 [ 124.28864, 190.37437, 0.0 ]
0 NOW  [ 31.356974, 84.11696, 0.0 ] 18 [ 31.356974, 84.11696, 0.0 ]
0 GET  [ 208.71666, 195.29384, 0.0 ] 19 [ 208.71666, 195.29384, 0.0 ]
0 EXPRESS  [ 120.24821, 93.36798, 0.0 ] 20 [ 120.24821, 93.36798, 0.0 ]
0 ROBOT  [ 52.273335, 96.42235, 0.0 ] 21 [ 52.273335, 96.42235, 0.0 ]
0 DOOR  [ 53.511242, 38.40333, 0.0 ] 22 [ 53.511242, 38.40333, 0.0 ]
0 RUNS  [ 280.10175, 58.771088, 0.0 ] 23 [ 280.10175, 58.771088, 0.0 ]
0 SHIP  [ 50.00077, 65.72115, 0.0 ] 24 [ 50.00077, 65.72115, 0.0 ]
0 PEOPLE  [ 37.09099, 107.0966, 0.0 ] 25 [ 37.09099, 107.0966, 0.0 ]
0 LOOK  [ 118.74932, 171.85297, 0.0 ] 26 [ 118.74932, 171.85297, 0.0 ]
0 WELL  [ 271.47528, 118.8234, 0.0 ] 27 [ 271.47528, 118.8234, 0.0 ]
0 OLD  [ 180.5195, 128.6185, 0.0 ] 28 [ 180.5195, 128.6185, 0.0 ]
0 ROOM  [ 280.56616, 28.158642, 0.0 ] 29 [ 280.56616, 28.158642, 0.0 ]
0 BEHIND  [ 79.30439, 109.03895, 0.0 ] 30 [ 79.30439, 109.03895, 0.0 ]
0 WANT  [ 62.45108, 169.15683, 0.0 ] 31 [ 62.45108, 169.15683, 0.0 ]
0 BACK  [ 42.60232, 174.44632, 0.0 ] 32 [ 42.60232, 174.44632, 0.0 ]
0 OH  [ 247.00963, 20.015394, 0.0 ] 33 [ 247.00963, 20.015394, 0.0 ]
0 GONNA  [ 98.84818, 203.41154, 0.0 ] 34 [ 98.84818, 203.41154, 0.0 ]
0 FLIES  [ 185.50621, 7.4868994, 0.0 ] 35 [ 185.50621, 7.4868994, 0.0 ]
0 SPACE  [ 250.49646, 146.741, 0.0 ] 36 [ 250.49646, 146.741, 0.0 ]
0 LAPSE  [ 64.885704, 208.49777, 0.0 ] 37 [ 64.885704, 208.49777, 0.0 ]
0 KNOW  [ 120.176865, 149.57642, 0.0 ] 38 [ 120.176865, 149.57642, 0.0 ]
0 OPEN  [ 187.64578, 159.50381, 0.0 ] 39 [ 187.64578, 159.50381, 0.0 ]
0 GO  [ 267.3004, 193.3295, 0.0 ] 40 [ 267.3004, 193.3295, 0.0 ]
0 TWO  [ 215.30516, 155.7296, 0.0 ] 41 [ 215.30516, 155.7296, 0.0 ]
0 LITTLE  [ 53.49048, 27.2821, 0.0 ] 42 [ 53.49048, 27.2821, 0.0 ]
0 TURNS  [ 89.071815, 16.340193, 0.0 ] 43 [ 89.071815, 16.340193, 0.0 ]
0 WAIT  [ 131.92224, 3.47507, 0.0 ] 44 [ 131.92224, 3.47507, 0.0 ]
0 COCKPIT  [ 289.61734, 79.86233, 0.0 ] 45 [ 289.61734, 79.86233, 0.0 ]
0 WOMAN  [ 121.29472, 104.900024, 0.0 ] 46 [ 121.29472, 104.900024, 0.0 ]
0 COME  [ 30.245523, 41.72172, 0.0 ] 47 [ 30.245523, 41.72172, 0.0 ]
0 HUGE  [ 98.86418, 211.34319, 0.0 ] 48 [ 98.86418, 211.34319, 0.0 ]
0 CREW  [ 42.83757, 55.365303, 0.0 ] 49 [ 42.83757, 55.365303, 0.0 ]
0 HEY  [ 282.79108, 147.89726, 0.0 ] 50 [ 282.79108, 147.89726, 0.0 ]
0 LET  [ 256.292, 172.9259, 0.0 ] 51 [ 256.292, 172.9259, 0.0 ]
0 GOOD  [ 243.15155, 165.0741, 0.0 ] 52 [ 243.15155, 165.0741, 0.0 ]
0 SHOW  [ 119.5651, 30.449202, 0.0 ] 53 [ 119.5651, 30.449202, 0.0 ]
0 RIGHT  [ 255.5069, 183.39534, 0.0 ] 54 [ 255.5069, 183.39534, 0.0 ]
0 YES  [ 219.00212, 45.267944, 0.0 ] 55 [ 219.00212, 45.267944, 0.0 ]
0 YEAH  [ 74.78448, 182.83885, 0.0 ] 56 [ 74.78448, 182.83885, 0.0 ]
0 TAKES  [ 182.75055, 196.4695, 0.0 ] 57 [ 182.75055, 196.4695, 0.0 ]
0 CRYOGENICS  [ 21.472681, 18.431366, 0.0 ] 58 [ 21.472681, 18.431366, 0.0 ]
0 SMITTY  [ 126.601105, 218.29266, 0.0 ] 59 [ 126.601105, 218.29266, 0.0 ]
0 JOB  [ 79.21529, 3.13315, 0.0 ] 60 [ 79.21529, 3.13315, 0.0 ]
0 LAB  [ 62.82904, 189.78163, 0.0 ] 61 [ 62.82904, 189.78163, 0.0 ]
0 BOOTH  [ 206.87009, 213.25682, 0.0 ] 62 [ 206.87009, 213.25682, 0.0 ]
0 BOY  [ 265.19113, 7.973873, 0.0 ] 63 [ 265.19113, 7.973873, 0.0 ]
0 DELIVERY  [ 44.019337, 218.71078, 0.0 ] 64 [ 44.019337, 218.71078, 0.0 ]
0 URL  [ 214.32465, 4.6234145, 0.0 ] 65 [ 214.32465, 4.6234145, 0.0 ]
0 OPENS  [ 170.68896, 226.47173, 0.0 ] 66 [ 170.68896, 226.47173, 0.0 ]
0 LIFE  [ 248.89078, 223.43224, 0.0 ] 67 [ 248.89078, 223.43224, 0.0 ]
0 NIMOY  [ 52.73828, 18.090868, 0.0 ] 68 [ 52.73828, 18.090868, 0.0 ]
0 BEND  [ 36.07946, 7.6467385, 0.0 ] 69 [ 36.07946, 7.6467385, 0.0 ]
0 HAND  [ 4.8122363, 96.47464, 0.0 ] 70 [ 4.8122363, 96.47464, 0.0 ]
0 YORK  [ 91.25471, 227.4539, 0.0 ] 71 [ 91.25471, 227.4539, 0.0 ]
0 BARS  [ 14.670594, 152.58846, 0.0 ] 72 [ 14.670594, 152.58846, 0.0 ]
0 SEES  [ 131.65996, 205.52475, 0.0 ] 73 [ 131.65996, 205.52475, 0.0 ]
0 WINDOW  [ 278.8323, 13.09352, 0.0 ] 74 [ 278.8323, 13.09352, 0.0 ]
0 CAREER  [ 47.573708, 229.52058, 0.0 ] 75 [ 47.573708, 229.52058, 0.0 ]
0 ALIEN  [ 29.872072, 31.06981, 0.0 ] 76 [ 29.872072, 31.06981, 0.0 ]
0 CALLED  [ 59.058784, 160.39662, 0.0 ] 77 [ 59.058784, 160.39662, 0.0 ]
0 STARTS  [ 248.34012, 1.4047649, 0.0 ] 78 [ 248.34012, 1.4047649, 0.0 ]
0 SPACESHIP  [ 264.1351, 209.67314, 0.0 ] 79 [ 264.1351, 209.67314, 0.0 ]
0 SCREEN  [ 69.110825, 105.73899, 0.0 ] 80 [ 69.110825, 105.73899, 0.0 ]
0 APPLIED  [ 25.51893, 113.335724, 0.0 ] 81 [ 25.51893, 113.335724, 0.0 ]
0 MUSEUM  [ 16.524763, 108.222336, 0.0 ] 82 [ 16.524763, 108.222336, 0.0 ]
0 END  [ 82.061554, 25.273886, 0.0 ] 83 [ 82.061554, 25.273886, 0.0 ]
0 GOTTA  [ 285.3103, 184.67157, 0.0 ] 84 [ 285.3103, 184.67157, 0.0 ]
0 TERRY  [ 58.986397, 149.63638, 0.0 ] 85 [ 58.986397, 149.63638, 0.0 ]
0 STREET  [ 192.13321, 94.87448, 0.0 ] 86 [ 192.13321, 94.87448, 0.0 ]
0 STEPS  [ 203.85202, 104.37863, 0.0 ] 87 [ 203.85202, 104.37863, 0.0 ]
0 HEADS  [ 14.6321125, 166.40923, 0.0 ] 88 [ 14.6321125, 166.40923, 0.0 ]
0 WELCOME  [ 116.57226, 120.73302, 0.0 ] 89 [ 116.57226, 120.73302, 0.0 ]
0 OFFICE  [ 13.264944, 177.58044, 0.0 ] 90 [ 13.264944, 177.58044, 0.0 ]
0 PIZZA  [ 20.120373, 186.06802, 0.0 ] 91 [ 20.120373, 186.06802, 0.0 ]
0 TUBE  [ 121.17068, 228.70699, 0.0 ] 92 [ 121.17068, 228.70699, 0.0 ]
0 CITY  [ 31.169662, 204.59483, 0.0 ] 93 [ 31.169662, 204.59483, 0.0 ]
0 YEARS  [ 214.44615, 227.439, 0.0 ] 94 [ 214.44615, 227.439, 0.0 ]
0 FUTURE  [ 16.25277, 229.49612, 0.0 ] 95 [ 16.25277, 229.49612, 0.0 ]
0 SUICIDE  [ 13.273312, 5.6842437, 0.0 ] 96 [ 13.273312, 5.6842437, 0.0 ]
0 LASER  [ 15.066632, 215.61876, 0.0 ] 97 [ 15.066632, 215.61876, 0.0 ]
0 PROGRAMMED  [ 89.83297, 219.80661, 0.0 ] 98 [ 89.83297, 219.80661, 0.0 ]
0 INSIDE  [ 217.84483, 21.688461, 0.0 ] 99 [ 217.84483, 21.688461, 0.0 ]
1 FRY  [ 127.639694, 32.711014, 0.0 ] 0 [ 127.639694, 32.711014, 0.0 ]
1 LEELA  [ 233.08682, 53.69385, 0.0 ] 1 [ 233.08682, 53.69385, 0.0 ]
1 BENDER  [ 91.15341, 66.96169, 0.0 ] 2 [ 91.15341, 66.96169, 0.0 ]
1 AMY  [ 155.91524, 110.98901, 0.0 ] 3 [ 155.91524, 110.98901, 0.0 ]
1 CUT  [ 157.16304, 168.23813, 0.0 ] 4 [ 157.16304, 168.23813, 0.0 ]
1 LIKE  [ 133.03357, 14.466526, 0.0 ] 5 [ 133.03357, 14.466526, 0.0 ]
1 PLANET  [ 206.57146, 176.8093, 0.0 ] 6 [ 206.57146, 176.8093, 0.0 ]
1 FARNSWORTH  [ 268.74927, 45.262527, 0.0 ] 7 [ 268.74927, 45.262527, 0.0 ]
1 AROUND  [ 125.48736, 82.3516, 0.0 ] 8 [ 125.48736, 82.3516, 0.0 ]
1 GET  [ 209.00851, 195.28656, 0.0 ] 9 [ 209.00851, 195.28656, 0.0 ]
1 EXPRESS  [ 113.81727, 70.8452, 0.0 ] 10 [ 113.81727, 70.8452, 0.0 ]
1 LOOK  [ 119.045364, 171.80943, 0.0 ] 11 [ 119.045364, 171.80943, 0.0 ]
1 GO  [ 267.57916, 193.31175, 0.0 ] 12 [ 267.57916, 193.31175, 0.0 ]
1 JUST  [ 124.5724, 190.35678, 0.0 ] 13 [ 124.5724, 190.35678, 0.0 ]
1 MAN  [ 178.37376, 141.89546, 0.0 ] 14 [ 178.37376, 141.89546, 0.0 ]
1 OH  [ 247.30397, 19.991852, 0.0 ] 15 [ 247.30397, 19.991852, 0.0 ]
1 ONE  [ 69.9417, 49.422287, 0.0 ] 16 [ 69.9417, 49.422287, 0.0 ]
1 SURFACE  [ 277.9617, 73.48923, 0.0 ] 17 [ 277.9617, 73.48923, 0.0 ]
1 HERMES  [ 83.11385, 38.81148, 0.0 ] 18 [ 83.11385, 38.81148, 0.0 ]
1 BACK  [ 42.868324, 174.44176, 0.0 ] 19 [ 42.868324, 174.44176, 0.0 ]
1 HEAD  [ 170.57138, 205.8609, 0.0 ] 20 [ 170.57138, 205.8609, 0.0 ]
1 NOW  [ 31.279032, 83.983055, 0.0 ] 21 [ 31.279032, 83.983055, 0.0 ]
1 SHIP  [ 50.3719, 65.720535, 0.0 ] 22 [ 50.3719, 65.720535, 0.0 ]
1 OUTSIDE  [ 168.43634, 21.822023, 0.0 ] 23 [ 168.43634, 21.822023, 0.0 ]
1 SEE  [ 92.132, 190.74828, 0.0 ] 24 [ 92.132, 190.74828, 0.0 ]
1 COMES  [ 201.75436, 29.30572, 0.0 ] 25 [ 201.75436, 29.30572, 0.0 ]
1 DOOR  [ 53.975143, 38.496136, 0.0 ] 26 [ 53.975143, 38.496136, 0.0 ]
1 WELL  [ 270.58017, 115.7334, 0.0 ] 27 [ 270.58017, 115.7334, 0.0 ]
1 LOOKS  [ 146.06146, 135.89316, 0.0 ] 28 [ 146.06146, 135.89316, 0.0 ]
1 HEY  [ 283.15988, 147.87433, 0.0 ] 29 [ 283.15988, 147.87433, 0.0 ]
1 WINCH  [ 41.17155, 107.41945, 0.0 ] 30 [ 41.17155, 107.41945, 0.0 ]
1 TAKES  [ 174.93236, 195.19215, 0.0 ] 31 [ 174.93236, 195.19215, 0.0 ]
1 GONNA  [ 99.39361, 203.51611, 0.0 ] 32 [ 99.39361, 203.51611, 0.0 ]
1 TIME  [ 234.44986, 22.28301, 0.0 ] 33 [ 234.44986, 22.28301, 0.0 ]
1 NEVER  [ 175.5518, 71.03768, 0.0 ] 34 [ 175.5518, 71.03768, 0.0 ]
1 SHIPS  [ 208.37296, 39.339996, 0.0 ] 35 [ 208.37296, 39.339996, 0.0 ]
1 ROBOT  [ 52.62622, 96.3988, 0.0 ] 36 [ 52.62622, 96.3988, 0.0 ]
1 CREW  [ 42.478725, 55.213413, 0.0 ] 37 [ 42.478725, 55.213413, 0.0 ]
1 SPACE  [ 250.92078, 146.59276, 0.0 ] 38 [ 250.92078, 146.59276, 0.0 ]
1 OPEN  [ 186.4659, 156.77507, 0.0 ] 39 [ 186.4659, 156.77507, 0.0 ]
1 RUNS  [ 280.74866, 58.679676, 0.0 ] 40 [ 280.74866, 58.679676, 0.0 ]
1 TURNS  [ 93.66989, 22.640646, 0.0 ] 41 [ 93.66989, 22.640646, 0.0 ]
1 BENDER'S  [ 211.36003, 125.61747, 0.0 ] 42 [ 211.36003, 125.61747, 0.0 ]
1 TOWARDS  [ 304.72714, 35.76963, 0.0 ] 43 [ 304.72714, 35.76963, 0.0 ]
1 FACE  [ 41.934875, 138.33397, 0.0 ] 44 [ 41.934875, 138.33397, 0.0 ]
1 YES  [ 213.9569, 51.11099, 0.0 ] 45 [ 213.9569, 51.11099, 0.0 ]
1 LITTLE  [ 53.61086, 27.673008, 0.0 ] 46 [ 53.61086, 27.673008, 0.0 ]
1 OK  [ 134.96156, 140.18307, 0.0 ] 47 [ 134.96156, 140.18307, 0.0 ]
1 UH  [ 77.943886, 207.40436, 0.0 ] 48 [ 77.943886, 207.40436, 0.0 ]
1 COCKPIT  [ 289.94614, 79.844734, 0.0 ] 49 [ 289.94614, 79.844734, 0.0 ]
1 FIRST  [ 279.52414, 121.48514, 0.0 ] 50 [ 279.52414, 121.48514, 0.0 ]
1 HUMANS  [ 159.09334, 7.8465014, 0.0 ] 51 [ 159.09334, 7.8465014, 0.0 ]
1 COME  [ 30.263323, 41.8698, 0.0 ] 52 [ 30.263323, 41.8698, 0.0 ]
1 BEHIND  [ 79.9678, 109.042854, 0.0 ] 53 [ 79.9678, 109.042854, 0.0 ]
1 REALLY  [ 82.06025, 30.470612, 0.0 ] 54 [ 82.06025, 30.470612, 0.0 ]
1 THING  [ 23.753988, 73.72124, 0.0 ] 55 [ 23.753988, 73.72124, 0.0 ]
1 STILL  [ 70.15556, 120.08569, 0.0 ] 56 [ 70.15556, 120.08569, 0.0 ]
1 EARTH  [ 160.45053, 161.53432, 0.0 ] 57 [ 160.45053, 161.53432, 0.0 ]
1 YEAH  [ 75.37103, 183.28442, 0.0 ] 58 [ 75.37103, 183.28442, 0.0 ]
1 ROOM  [ 280.8054, 29.559675, 0.0 ] 59 [ 280.8054, 29.559675, 0.0 ]
1 BIG  [ 71.03146, 18.80903, 0.0 ] 60 [ 71.03146, 18.80903, 0.0 ]
1 AWAY  [ 181.21089, 134.12541, 0.0 ] 61 [ 181.21089, 134.12541, 0.0 ]
1 PUTS  [ 290.6553, 119.66199, 0.0 ] 62 [ 290.6553, 119.66199, 0.0 ]
1 HUGE  [ 99.26036, 211.3167, 0.0 ] 63 [ 99.26036, 211.3167, 0.0 ]
1 ZOIDBERG  [ 212.97552, 156.05678, 0.0 ] 64 [ 212.97552, 156.05678, 0.0 ]
1 CAPTAIN  [ 32.473736, 176.78366, 0.0 ] 65 [ 32.473736, 176.78366, 0.0 ]
1 MOON  [ 203.50226, 2.6408052, 0.0 ] 66 [ 203.50226, 2.6408052, 0.0 ]
1 FARMER  [ 119.09512, 219.92798, 0.0 ] 67 [ 119.09512, 219.92798, 0.0 ]
1 PARK  [ 17.77167, 6.8832674, 0.0 ] 68 [ 17.77167, 6.8832674, 0.0 ]
1 LUNAR  [ 26.227062, 117.325485, 0.0 ] 69 [ 26.227062, 117.325485, 0.0 ]
1 LUNA  [ 200.83037, 214.1955, 0.0 ] 70 [ 200.83037, 214.1955, 0.0 ]
1 CRATE  [ 293.5207, 16.771477, 0.0 ] 71 [ 293.5207, 16.771477, 0.0 ]
1 SINGING  [ 47.74816, 219.18799, 0.0 ] 72 [ 47.74816, 219.18799, 0.0 ]
1 CRUSHINATOR  [ 77.518906, 4.4064226, 0.0 ] 73 [ 77.518906, 4.4064226, 0.0 ]
1 KEYS  [ 301.06775, 114.237946, 0.0 ] 74 [ 301.06775, 114.237946, 0.0 ]
1 BARN  [ 247.71843, 226.343, 0.0 ] 75 [ 247.71843, 226.343, 0.0 ]
1 OXYGEN  [ 130.70378, 3.2867205, 0.0 ] 76 [ 130.70378, 3.2867205, 0.0 ]
1 LANDER  [ 187.91077, 228.53183, 0.0 ] 77 [ 187.91077, 228.53183, 0.0 ]
1 GUN  [ 14.350166, 96.82519, 0.0 ] 78 [ 14.350166, 96.82519, 0.0 ]
1 CRATER  [ 116.83367, 104.77412, 0.0 ] 79 [ 116.83367, 104.77412, 0.0 ]
1 WHALERS  [ 7.377304, 34.824356, 0.0 ] 80 [ 7.377304, 34.824356, 0.0 ]
1 HELMET  [ 127.27222, 212.00702, 0.0 ] 81 [ 127.27222, 212.00702, 0.0 ]
1 WORLD  [ 211.11903, 85.062675, 0.0 ] 82 [ 211.11903, 85.062675, 0.0 ]
1 SAT  [ 73.60865, 193.0084, 0.0 ] 83 [ 73.60865, 193.0084, 0.0 ]
1 BUGGY  [ 14.584091, 25.353922, 0.0 ] 84 [ 14.584091, 25.353922, 0.0 ]
1 DROPS  [ 89.2146, 229.06924, 0.0 ] 85 [ 89.2146, 229.06924, 0.0 ]
1 SMALL  [ 264.50986, 16.610443, 0.0 ] 86 [ 264.50986, 16.610443, 0.0 ]
1 NEXT  [ 64.9744, 228.73305, 0.0 ] 87 [ 64.9744, 228.73305, 0.0 ]
1 DAUGHTERS  [ 13.317756, 43.627045, 0.0 ] 88 [ 13.317756, 43.627045, 0.0 ]
1 EVANS  [ 8.515181, 172.17639, 0.0 ] 89 [ 8.515181, 172.17639, 0.0 ]
1 VIRTUAL  [ 126.914345, 95.39537, 0.0 ] 90 [ 126.914345, 95.39537, 0.0 ]
1 BLASTIN  [ 248.96347, 218.24318, 0.0 ] 91 [ 248.96347, 218.24318, 0.0 ]
1 SHOOT  [ 207.02931, 21.531452, 0.0 ] 92 [ 207.02931, 21.531452, 0.0 ]
1 GUESS  [ 80.62793, 78.98567, 0.0 ] 93 [ 80.62793, 78.98567, 0.0 ]
1 GOPHERS  [ 299.8269, 188.60005, 0.0 ] 94 [ 299.8269, 188.60005, 0.0 ]
1 CLAW  [ 266.3491, 6.6022034, 0.0 ] 95 [ 266.3491, 6.6022034, 0.0 ]
1 COMIN  [ 23.172499, 46.715744, 0.0 ] 96 [ 23.172499, 46.715744, 0.0 ]
1 ROUND  [ 277.23645, 230.79317, 0.0 ] 97 [ 277.23645, 230.79317, 0.0 ]
1 RAY  [ 7.3275867, 87.0959, 0.0 ] 98 [ 7.3275867, 87.0959, 0.0 ]
1 SAL  [ 307.48438, 1.8835897, 0.0 ] 99 [ 307.48438, 1.8835897, 0.0 ]
2 FRY  [ 127.492294, 32.655197, 0.0 ] 0 [ 127.492294, 32.655197, 0.0 ]
2 BENDER  [ 91.46075, 66.95515, 0.0 ] 1 [ 91.46075, 66.95515, 0.0 ]
2 LEELA  [ 233.41408, 53.689518, 0.0 ] 2 [ 233.41408, 53.689518, 0.0 ]
2 HEY  [ 283.54712, 147.8699, 0.0 ] 3 [ 283.54712, 147.8699, 0.0 ]
2 BACK  [ 43.16655, 174.4378, 0.0 ] 4 [ 43.16655, 174.4378, 0.0 ]
2 JUST  [ 124.88635, 190.35126, 0.0 ] 5 [ 124.88635, 190.35126, 0.0 ]
2 OH  [ 247.61772, 19.976645, 0.0 ] 6 [ 247.61772, 19.976645, 0.0 ]
2 ROBOT  [ 53.019283, 96.397385, 0.0 ] 7 [ 53.019283, 96.397385, 0.0 ]
2 GET  [ 209.32448, 195.27852, 0.0 ] 8 [ 209.32448, 195.27852, 0.0 ]
2 PLANET  [ 206.894, 176.79434, 0.0 ] 9 [ 206.894, 176.79434, 0.0 ]
2 WELL  [ 270.97516, 115.97139, 0.0 ] 10 [ 270.97516, 115.97139, 0.0 ]
2 HERMES  [ 87.02389, 55.94284, 0.0 ] 11 [ 87.02389, 55.94284, 0.0 ]
2 KNOW  [ 120.16691, 147.78238, 0.0 ] 12 [ 120.16691, 147.78238, 0.0 ]
2 GOT  [ 159.31294, 80.75666, 0.0 ] 13 [ 159.31294, 80.75666, 0.0 ]
2 LIKE  [ 133.44458, 14.137407, 0.0 ] 14 [ 133.44458, 14.137407, 0.0 ]
2 EXPRESS  [ 120.15193, 78.78842, 0.0 ] 15 [ 120.15193, 78.78842, 0.0 ]
2 YEAH  [ 75.30216, 188.71548, 0.0 ] 16 [ 75.30216, 188.71548, 0.0 ]
2 ROOM  [ 281.21103, 29.252209, 0.0 ] 17 [ 281.21103, 29.252209, 0.0 ]
2 AMY  [ 156.21622, 111.002625, 0.0 ] 18 [ 156.21622, 111.002625, 0.0 ]
2 NOW  [ 31.227285, 83.84806, 0.0 ] 19 [ 31.227285, 83.84806, 0.0 ]
2 RIGHT  [ 255.86682, 183.39677, 0.0 ] 20 [ 255.86682, 183.39677, 0.0 ]
2 FARNSWORTH  [ 269.0696, 45.259678, 0.0 ] 21 [ 269.0696, 45.259678, 0.0 ]
2 COME  [ 30.232836, 42.073112, 0.0 ] 22 [ 30.232836, 42.073112, 0.0 ]
2 BENDER'S  [ 210.89215, 126.86451, 0.0 ] 23 [ 210.89215, 126.86451, 0.0 ]
2 HUMAN  [ 216.42339, 76.35033, 0.0 ] 24 [ 216.42339, 76.35033, 0.0 ]
2 DOOR  [ 54.494427, 38.619083, 0.0 ] 25 [ 54.494427, 38.619083, 0.0 ]
2 LOOK  [ 119.35481, 171.78506, 0.0 ] 26 [ 119.35481, 171.78506, 0.0 ]
2 GO  [ 267.88974, 193.30026, 0.0 ] 27 [ 267.88974, 193.30026, 0.0 ]
2 TIME  [ 233.39388, 21.121016, 0.0 ] 28 [ 233.39388, 21.121016, 0.0 ]
2 CUT  [ 157.3025, 167.80351, 0.0 ] 29 [ 157.3025, 167.80351, 0.0 ]
2 AROUND  [ 124.544174, 87.62647, 0.0 ] 30 [ 124.544174, 87.62647, 0.0 ]
2 COMES  [ 185.91397, 23.94887, 0.0 ] 31 [ 185.91397, 23.94887, 0.0 ]
2 GONNA  [ 99.88963, 203.45789, 0.0 ] 32 [ 99.88963, 203.45789, 0.0 ]
2 GREAT  [ 110.35233, 2.6429436, 0.0 ] 33 [ 110.35233, 2.6429436, 0.0 ]
2 ONE  [ 63.72592, 53.55152, 0.0 ] 34 [ 63.72592, 53.55152, 0.0 ]
2 REALLY  [ 74.404236, 30.387135, 0.0 ] 35 [ 74.404236, 30.387135, 0.0 ]
2 THINK  [ 178.35687, 153.0968, 0.0 ] 36 [ 178.35687, 153.0968, 0.0 ]
2 PEOPLE  [ 37.749866, 107.098785, 0.0 ] 37 [ 37.749866, 107.098785, 0.0 ]
2 HUGE  [ 99.61172, 211.25137, 0.0 ] 38 [ 99.61172, 211.25137, 0.0 ]
2 ZOIDBERG  [ 222.86093, 149.08096, 0.0 ] 39 [ 222.86093, 149.08096, 0.0 ]
2 WAY  [ 179.2574, 183.30649, 0.0 ] 40 [ 179.2574, 183.30649, 0.0 ]
2 TWO  [ 225.78307, 159.3317, 0.0 ] 41 [ 225.78307, 159.3317, 0.0 ]
2 WANT  [ 63.146038, 169.2517, 0.0 ] 42 [ 63.146038, 169.2517, 0.0 ]
2 TURNS  [ 93.20356, 20.470205, 0.0 ] 43 [ 93.20356, 20.470205, 0.0 ]
2 OLD  [ 179.87466, 128.47737, 0.0 ] 44 [ 179.87466, 128.47737, 0.0 ]
2 GOOD  [ 244.02219, 168.36383, 0.0 ] 45 [ 244.02219, 168.36383, 0.0 ]
2 SIGHS  [ 137.60036, 4.8174257, 0.0 ] 46 [ 137.60036, 4.8174257, 0.0 ]
2 FIND  [ 188.45132, 92.21951, 0.0 ] 47 [ 188.45132, 92.21951, 0.0 ]
2 SORRY  [ 171.40529, 191.4147, 0.0 ] 48 [ 171.40529, 191.4147, 0.0 ]
2 MEAN  [ 119.29164, 103.705376, 0.0 ] 49 [ 119.29164, 103.705376, 0.0 ]
2 STILL  [ 70.82533, 120.0733, 0.0 ] 50 [ 70.82533, 120.0733, 0.0 ]
2 TAKES  [ 183.97168, 198.96286, 0.0 ] 51 [ 183.97168, 198.96286, 0.0 ]
2 UH  [ 78.46837, 207.46579, 0.0 ] 52 [ 78.46837, 207.46579, 0.0 ]
2 WAIT  [ 167.35371, 3.8850787, 0.0 ] 53 [ 167.35371, 3.8850787, 0.0 ]
2 NEVER  [ 184.86884, 73.33284, 0.0 ] 54 [ 184.86884, 73.33284, 0.0 ]
2 BIG  [ 77.755554, 20.583593, 0.0 ] 55 [ 77.755554, 20.583593, 0.0 ]
2 PUTS  [ 291.31342, 119.65808, 0.0 ] 56 [ 291.31342, 119.65808, 0.0 ]
2 TABLE  [ 211.59242, 32.981804, 0.0 ] 57 [ 211.59242, 32.981804, 0.0 ]
2 NEW  [ 191.92415, 81.38226, 0.0 ] 58 [ 191.92415, 81.38226, 0.0 ]
2 LOOKS  [ 145.86609, 136.28844, 0.0 ] 59 [ 145.86609, 136.28844, 0.0 ]
2 SPACE  [ 245.17027, 140.73138, 0.0 ] 60 [ 245.17027, 140.73138, 0.0 ]
2 THING  [ 28.753754, 74.955505, 0.0 ] 61 [ 28.753754, 74.955505, 0.0 ]
2 WOW  [ 210.73938, 69.48337, 0.0 ] 62 [ 210.73938, 69.48337, 0.0 ]
2 HEAD  [ 171.05185, 205.86868, 0.0 ] 63 [ 171.05185, 205.86868, 0.0 ]
2 GUYS  [ 40.316254, 48.74486, 0.0 ] 64 [ 40.316254, 48.74486, 0.0 ]
2 APARTMENT  [ 143.09789, 218.50208, 0.0 ] 65 [ 143.09789, 218.50208, 0.0 ]
2 TV  [ 9.390996, 145.86201, 0.0 ] 66 [ 9.390996, 145.86201, 0.0 ]
2 CALCULON  [ 248.34781, 8.30789, 0.0 ] 67 [ 248.34781, 8.30789, 0.0 ]
2 WALKS  [ 18.841558, 98.396805, 0.0 ] 68 [ 18.841558, 98.396805, 0.0 ]
2 ANTENNA  [ 33.679646, 186.05373, 0.0 ] 69 [ 33.679646, 186.05373, 0.0 ]
2 HATTIE  [ 20.363514, 15.190873, 0.0 ] 70 [ 20.363514, 15.190873, 0.0 ]
2 FRIEND  [ 23.038662, 187.58487, 0.0 ] 71 [ 23.038662, 187.58487, 0.0 ]
2 GOING  [ 192.48683, 5.0647287, 0.0 ] 72 [ 192.48683, 5.0647287, 0.0 ]
2 PLACE  [ 227.99442, 218.20546, 0.0 ] 73 [ 227.99442, 218.20546, 0.0 ]
2 EVERYONE  [ 265.9253, 223.57555, 0.0 ] 74 [ 265.9253, 223.57555, 0.0 ]
2 SURE  [ 163.39264, 17.870455, 0.0 ] 75 [ 163.39264, 17.870455, 0.0 ]
2 GOES  [ 61.683292, 3.0677598, 0.0 ] 76 [ 61.683292, 3.0677598, 0.0 ]
2 TENANT  [ 18.09057, 62.073612, 0.0 ] 77 [ 18.09057, 62.073612, 0.0 ]
2 FRY'S  [ 256.98364, 65.47277, 0.0 ] 78 [ 256.98364, 65.47277, 0.0 ]
2 HAPPY  [ 9.127711, 115.39769, 0.0 ] 79 [ 9.127711, 115.39769, 0.0 ]
2 COUCH  [ 62.235306, 199.00804, 0.0 ] 80 [ 62.235306, 199.00804, 0.0 ]
2 CORRIDOR  [ 294.04202, 66.89947, 0.0 ] 81 [ 294.04202, 66.89947, 0.0 ]
2 LIVE  [ 276.593, 86.43848, 0.0 ] 82 [ 276.593, 86.43848, 0.0 ]
2 MONIQUE  [ 52.75005, 6.205508, 0.0 ] 83 [ 52.75005, 6.205508, 0.0 ]
2 LIVING  [ 248.81534, 158.04332, 0.0 ] 84 [ 248.81534, 158.04332, 0.0 ]
2 PAST  [ 82.19547, 69.53767, 0.0 ] 85 [ 82.19547, 69.53767, 0.0 ]
2 FLOOR  [ 79.20023, 129.2485, 0.0 ] 86 [ 79.20023, 129.2485, 0.0 ]
2 CIRCUITS  [ 42.705933, 2.5853474, 0.0 ] 87 [ 42.705933, 2.5853474, 0.0 ]
2 BEST  [ 21.38462, 177.4443, 0.0 ] 88 [ 21.38462, 177.4443, 0.0 ]
2 MOVE  [ 79.179825, 3.858187, 0.0 ] 89 [ 79.179825, 3.858187, 0.0 ]
2 CUTS  [ 11.090505, 211.48859, 0.0 ] 90 [ 11.090505, 211.48859, 0.0 ]
2 GROANS  [ 213.51099, 211.10036, 0.0 ] 91 [ 213.51099, 211.10036, 0.0 ]
2 HOME  [ 156.6527, 180.13882, 0.0 ] 92 [ 156.6527, 180.13882, 0.0 ]
2 GETTING  [ 205.9222, 15.987596, 0.0 ] 93 [ 205.9222, 15.987596, 0.0 ]
2 CRAP  [ 267.8604, 18.552244, 0.0 ] 94 [ 267.8604, 18.552244, 0.0 ]
2 LANDLORD  [ 92.32092, 12.268069, 0.0 ] 95 [ 92.32092, 12.268069, 0.0 ]
2 GIVE  [ 271.44073, 212.27173, 0.0 ] 96 [ 271.44073, 212.27173, 0.0 ]
2 RANDY  [ 11.506762, 6.6358347, 0.0 ] 97 [ 11.506762, 6.6358347, 0.0 ]
2 MIND  [ 87.040405, 39.61942, 0.0 ] 98 [ 87.040405, 39.61942, 0.0 ]
2 CALCULON'S  [ 99.7089, 47.5831, 0.0 ] 99 [ 99.7089, 47.5831, 0.0 ]
3 LEELA  [ 233.75323, 53.687862, 0.0 ] 0 [ 233.75323, 53.687862, 0.0 ]
3 FRY  [ 128.27448, 32.72332, 0.0 ] 1 [ 128.27448, 32.72332, 0.0 ]
3 BENDER  [ 91.786, 66.98565, 0.0 ] 2 [ 91.786, 66.98565, 0.0 ]
3 JUST  [ 125.21841, 190.3526, 0.0 ] 3 [ 125.21841, 190.3526, 0.0 ]
3 CUT  [ 157.65724, 167.8918, 0.0 ] 4 [ 157.65724, 167.8918, 0.0 ]
3 AMY  [ 156.61667, 111.01981, 0.0 ] 5 [ 156.61667, 111.01981, 0.0 ]
3 PLANET  [ 207.23213, 176.65262, 0.0 ] 6 [ 207.23213, 176.65262, 0.0 ]
3 SHIP  [ 50.767147, 65.720474, 0.0 ] 7 [ 50.767147, 65.720474, 0.0 ]
3 BACK  [ 43.48708, 174.43494, 0.0 ] 8 [ 43.48708, 174.43494, 0.0 ]
3 LIKE  [ 134.36902, 13.061052, 0.0 ] 9 [ 134.36902, 13.061052, 0.0 ]
3 ONE  [ 69.65833, 50.009712, 0.0 ] 10 [ 69.65833, 50.009712, 0.0 ]
3 CAPTAIN  [ 32.86681, 177.1188, 0.0 ] 11 [ 32.86681, 177.1188, 0.0 ]
3 TIME  [ 233.78717, 21.186428, 0.0 ] 12 [ 233.78717, 21.186428, 0.0 ]
3 SHIPS  [ 199.90689, 40.24404, 0.0 ] 13 [ 199.90689, 40.24404, 0.0 ]
3 OH  [ 247.94513, 20.002296, 0.0 ] 14 [ 247.94513, 20.002296, 0.0 ]
3 BIG  [ 77.58652, 19.585617, 0.0 ] 15 [ 77.58652, 19.585617, 0.0 ]
3 GET  [ 209.65517, 195.27322, 0.0 ] 16 [ 209.65517, 195.27322, 0.0 ]
3 MAN  [ 178.87901, 141.90677, 0.0 ] 17 [ 178.87901, 141.90677, 0.0 ]
3 GO  [ 268.22366, 193.29686, 0.0 ] 18 [ 268.22366, 193.29686, 0.0 ]
3 LITTLE  [ 53.090126, 33.252075, 0.0 ] 19 [ 53.090126, 33.252075, 0.0 ]
3 ROOM  [ 281.632, 29.042727, 0.0 ] 20 [ 281.632, 29.042727, 0.0 ]
3 COCKPIT  [ 290.33603, 79.84122, 0.0 ] 21 [ 290.33603, 79.84122, 0.0 ]
3 WELL  [ 271.39282, 116.19704, 0.0 ] 22 [ 271.39282, 116.19704, 0.0 ]
3 WOMAN  [ 120.072014, 96.18902, 0.0 ] 23 [ 120.072014, 96.18902, 0.0 ]
3 TABLE  [ 200.77159, 31.665213, 0.0 ] 24 [ 200.77159, 31.665213, 0.0 ]
3 CREW  [ 42.06271, 55.069546, 0.0 ] 25 [ 42.06271, 55.069546, 0.0 ]
3 NOW  [ 31.211918, 83.724655, 0.0 ] 26 [ 31.211918, 83.724655, 0.0 ]
3 FARNSWORTH  [ 269.40112, 45.25578, 0.0 ] 27 [ 269.40112, 45.25578, 0.0 ]
3 COME  [ 30.135706, 42.33685, 0.0 ] 28 [ 30.135706, 42.33685, 0.0 ]
3 SEE  [ 92.75707, 190.7309, 0.0 ] 29 [ 92.75707, 190.7309, 0.0 ]
3 AROUND  [ 125.33929, 82.69294, 0.0 ] 30 [ 125.33929, 82.69294, 0.0 ]
3 GOT  [ 160.01172, 80.70638, 0.0 ] 31 [ 160.01172, 80.70638, 0.0 ]
3 TWO  [ 217.45282, 157.77336, 0.0 ] 32 [ 217.45282, 157.77336, 0.0 ]
3 YEAH  [ 68.01056, 185.39604, 0.0 ] 33 [ 68.01056, 185.39604, 0.0 ]
3 REALLY  [ 90.34027, 34.32207, 0.0 ] 34 [ 90.34027, 34.32207, 0.0 ]
3 THINK  [ 179.04517, 153.56837, 0.0 ] 35 [ 179.04517, 153.56837, 0.0 ]
3 GOOD  [ 242.76955, 165.54105, 0.0 ] 36 [ 242.76955, 165.54105, 0.0 ]
3 LOOK  [ 119.669266, 171.79108, 0.0 ] 37 [ 119.669266, 171.79108, 0.0 ]
3 RIGHT  [ 256.31787, 184.0228, 0.0 ] 38 [ 256.31787, 184.0228, 0.0 ]
3 EXPRESS  [ 110.749016, 75.60825, 0.0 ] 39 [ 110.749016, 75.60825, 0.0 ]
3 YES  [ 216.71307, 51.945896, 0.0 ] 40 [ 216.71307, 51.945896, 0.0 ]
3 NEVER  [ 178.85475, 71.61293, 0.0 ] 41 [ 178.85475, 71.61293, 0.0 ]
3 FIRST  [ 281.9028, 123.26595, 0.0 ] 42 [ 281.9028, 123.26595, 0.0 ]
3 FLIES  [ 178.19333, 14.986935, 0.0 ] 43 [ 178.19333, 14.986935, 0.0 ]
3 OUTSIDE  [ 165.72705, 24.340584, 0.0 ] 44 [ 165.72705, 24.340584, 0.0 ]
3 KNOW  [ 117.90652, 147.16754, 0.0 ] 45 [ 117.90652, 147.16754, 0.0 ]
3 SIGHS  [ 131.66464, 1.7188246, 0.0 ] 46 [ 131.66464, 1.7188246, 0.0 ]
3 WAY  [ 181.5809, 184.74161, 0.0 ] 47 [ 181.5809, 184.74161, 0.0 ]
3 MEAN  [ 121.44053, 105.475624, 0.0 ] 48 [ 121.44053, 105.475624, 0.0 ]
3 WAIT  [ 166.5217, 1.8592905, 0.0 ] 49 [ 166.5217, 1.8592905, 0.0 ]
3 AWAY  [ 181.61577, 134.28539, 0.0 ] 50 [ 181.61577, 134.28539, 0.0 ]
3 HUGE  [ 99.994576, 211.24277, 0.0 ] 51 [ 99.994576, 211.24277, 0.0 ]
3 LOOKS  [ 145.5289, 136.68886, 0.0 ] 52 [ 145.5289, 136.68886, 0.0 ]
3 LAPSE  [ 65.5252, 208.49254, 0.0 ] 53 [ 65.5252, 208.49254, 0.0 ]
3 WOW  [ 208.03964, 70.35772, 0.0 ] 54 [ 208.03964, 70.35772, 0.0 ]
3 MAKE  [ 168.19589, 133.1217, 0.0 ] 55 [ 168.19589, 133.1217, 0.0 ]
3 DOOR  [ 56.362904, 42.285778, 0.0 ] 56 [ 56.362904, 42.285778, 0.0 ]
3 FIND  [ 189.23729, 92.723404, 0.0 ] 57 [ 189.23729, 92.723404, 0.0 ]
3 GUYS  [ 25.834972, 33.28694, 0.0 ] 58 [ 25.834972, 33.28694, 0.0 ]
3 FACE  [ 42.376358, 138.37814, 0.0 ] 59 [ 42.376358, 138.37814, 0.0 ]
3 ZAPP  [ 61.634296, 85.08419, 0.0 ] 60 [ 61.634296, 85.08419, 0.0 ]
3 KIF  [ 121.22951, 209.47243, 0.0 ] 61 [ 121.22951, 209.47243, 0.0 ]
3 ANIMALS  [ 9.504903, 116.12385, 0.0 ] 62 [ 9.504903, 116.12385, 0.0 ]
3 NIMBUS  [ 15.953188, 136.72403, 0.0 ] 63 [ 15.953188, 136.72403, 0.0 ]
3 VERGON  [ 186.42154, 3.526508, 0.0 ] 64 [ 186.42154, 3.526508, 0.0 ]
3 BRANNIGAN'S  [ 219.92366, 13.478969, 0.0 ] 65 [ 219.92366, 13.478969, 0.0 ]
3 ZAPP'S  [ 29.744186, 156.81963, 0.0 ] 66 [ 29.744186, 156.81963, 0.0 ]
3 GUY  [ 28.789865, 132.06483, 0.0 ] 67 [ 28.789865, 132.06483, 0.0 ]
3 BRANNIGAN  [ 98.67552, 182.09567, 0.0 ] 68 [ 98.67552, 182.09567, 0.0 ]
3 LAW  [ 195.05061, 218.01949, 0.0 ] 69 [ 195.05061, 218.01949, 0.0 ]
3 FUEL  [ 207.75703, 91.69819, 0.0 ] 70 [ 207.75703, 91.69819, 0.0 ]
3 QUARTERS  [ 199.97177, 187.42673, 0.0 ] 71 [ 199.97177, 187.42673, 0.0 ]
3 NIBBLER  [ 74.79005, 10.8516655, 0.0 ] 72 [ 74.79005, 10.8516655, 0.0 ]
3 BRIDGE  [ 81.44298, 220.5649, 0.0 ] 73 [ 81.44298, 220.5649, 0.0 ]
3 SIR  [ 4.014668, 139.05745, 0.0 ] 74 [ 4.014668, 139.05745, 0.0 ]
3 MATTER  [ 167.94563, 229.08272, 0.0 ] 75 [ 167.94563, 229.08272, 0.0 ]
3 STEAM  [ 193.06036, 107.57755, 0.0 ] 76 [ 193.06036, 107.57755, 0.0 ]
3 BOLT  [ 118.224434, 34.252697, 0.0 ] 77 [ 118.224434, 34.252697, 0.0 ]
3 LEELA'S  [ 90.68608, 3.5763366, 0.0 ] 78 [ 90.68608, 3.5763366, 0.0 ]
3 DARK  [ 85.30003, 228.12744, 0.0 ] 79 [ 85.30003, 228.12744, 0.0 ]
3 GROUND  [ 125.0074, 26.217857, 0.0 ] 80 [ 125.0074, 26.217857, 0.0 ]
3 THOUGHT  [ 33.90402, 110.90091, 0.0 ] 81 [ 33.90402, 110.90091, 0.0 ]
3 CRYING  [ 9.196635, 75.522156, 0.0 ] 82 [ 9.196635, 75.522156, 0.0 ]
3 CRAWLING  [ 6.4924455, 97.705124, 0.0 ] 83 [ 6.4924455, 97.705124, 0.0 ]
3 PLEASE  [ 45.282043, 14.882346, 0.0 ] 84 [ 45.282043, 14.882346, 0.0 ]
3 TRIES  [ 64.04844, 195.37325, 0.0 ] 85 [ 64.04844, 195.37325, 0.0 ]
3 CALL  [ 173.57054, 200.30078, 0.0 ] 86 [ 173.57054, 200.30078, 0.0 ]
3 LOOKING  [ 198.35904, 231.81169, 0.0 ] 87 [ 198.35904, 231.81169, 0.0 ]
3 FILLED  [ 206.22609, 20.585852, 0.0 ] 88 [ 206.22609, 20.585852, 0.0 ]
3 MEET  [ 275.52264, 81.91182, 0.0 ] 89 [ 275.52264, 81.91182, 0.0 ]
3 PICK  [ 111.87051, 17.831825, 0.0 ] 90 [ 111.87051, 17.831825, 0.0 ]
3 RINGS  [ 236.51146, 215.7187, 0.0 ] 91 [ 236.51146, 215.7187, 0.0 ]
3 PUT  [ 7.087974, 64.38384, 0.0 ] 92 [ 7.087974, 64.38384, 0.0 ]
3 REALISE  [ 141.90546, 59.671715, 0.0 ] 93 [ 141.90546, 59.671715, 0.0 ]
3 MISSION  [ 62.203186, 174.47438, 0.0 ] 94 [ 62.203186, 174.47438, 0.0 ]
3 BRIG  [ 114.65937, 59.21352, 0.0 ] 95 [ 114.65937, 59.21352, 0.0 ]
3 HELLO  [ 238.58441, 224.85222, 0.0 ] 96 [ 238.58441, 224.85222, 0.0 ]
3 MEN  [ 65.5239, 231.20401, 0.0 ] 97 [ 65.5239, 231.20401, 0.0 ]
3 POINTS  [ 228.36101, 7.2432566, 0.0 ] 98 [ 228.36101, 7.2432566, 0.0 ]
3 GAY  [ 48.429707, 228.90498, 0.0 ] 99 [ 48.429707, 228.90498, 0.0 ]
4 FRY  [ 128.60516, 32.722015, 0.0 ] 0 [ 128.60516, 32.722015, 0.0 ]
4 BENDER  [ 92.117584, 66.98336, 0.0 ] 1 [ 92.117584, 66.98336, 0.0 ]
4 ROBOT  [ 53.504646, 96.40259, 0.0 ] 2 [ 53.504646, 96.40259, 0.0 ]
4 LEELA  [ 234.08478, 53.68759, 0.0 ] 3 [ 234.08478, 53.68759, 0.0 ]
4 HUMANS  [ 158.1923, 12.236164, 0.0 ] 4 [ 158.1923, 12.236164, 0.0 ]
4 HUMAN  [ 217.10179, 76.56534, 0.0 ] 5 [ 217.10179, 76.56534, 0.0 ]
4 LIKE  [ 121.30739, 12.501032, 0.0 ] 6 [ 121.30739, 12.501032, 0.0 ]
4 JUST  [ 125.55025, 190.35437, 0.0 ] 7 [ 125.55025, 190.35437, 0.0 ]
4 OH  [ 248.27472, 19.970243, 0.0 ] 8 [ 248.27472, 19.970243, 0.0 ]
4 GET  [ 209.98526, 195.27419, 0.0 ] 9 [ 209.98526, 195.27419, 0.0 ]
4 GO  [ 268.56253, 193.30138, 0.0 ] 10 [ 268.56253, 193.30138, 0.0 ]
4 FARNSWORTH  [ 269.73087, 45.253174, 0.0 ] 11 [ 269.73087, 45.253174, 0.0 ]
4 NOW  [ 30.913555, 83.52652, 0.0 ] 12 [ 30.913555, 83.52652, 0.0 ]
4 COME  [ 31.182644, 41.891228, 0.0 ] 13 [ 31.182644, 41.891228, 0.0 ]
4 LOOK  [ 119.99997, 171.69098, 0.0 ] 14 [ 119.99997, 171.69098, 0.0 ]
4 PLANET  [ 207.56763, 176.7758, 0.0 ] 15 [ 207.56763, 176.7758, 0.0 ]
4 ONE  [ 69.6118, 50.249737, 0.0 ] 16 [ 69.6118, 50.249737, 0.0 ]
4 HEY  [ 283.94653, 147.87521, 0.0 ] 17 [ 283.94653, 147.87521, 0.0 ]
4 YEAH  [ 74.26016, 189.89357, 0.0 ] 18 [ 74.26016, 189.89357, 0.0 ]
4 WELL  [ 271.82, 116.435135, 0.0 ] 19 [ 271.82, 116.435135, 0.0 ]
4 LET  [ 256.759, 172.90987, 0.0 ] 20 [ 256.759, 172.90987, 0.0 ]
4 BACK  [ 43.744354, 174.43419, 0.0 ] 21 [ 43.744354, 174.43419, 0.0 ]
4 RIGHT  [ 258.60556, 185.76814, 0.0 ] 22 [ 258.60556, 185.76814, 0.0 ]
4 MAKE  [ 168.39174, 133.0218, 0.0 ] 23 [ 168.39174, 133.0218, 0.0 ]
4 GOOD  [ 234.02985, 162.76805, 0.0 ] 24 [ 234.02985, 162.76805, 0.0 ]
4 TWO  [ 210.50609, 159.28844, 0.0 ] 25 [ 210.50609, 159.28844, 0.0 ]
4 OK  [ 138.1154, 137.53363, 0.0 ] 26 [ 138.1154, 137.53363, 0.0 ]
4 AWAY  [ 182.84346, 134.6268, 0.0 ] 27 [ 182.84346, 134.6268, 0.0 ]
4 SHIPS  [ 205.36533, 37.6009, 0.0 ] 28 [ 205.36533, 37.6009, 0.0 ]
4 ZOIDBERG  [ 215.42615, 152.27705, 0.0 ] 29 [ 215.42615, 152.27705, 0.0 ]
4 KNOW  [ 122.63232, 158.80766, 0.0 ] 30 [ 122.63232, 158.80766, 0.0 ]
4 AROUND  [ 126.468895, 83.27756, 0.0 ] 31 [ 126.468895, 83.27756, 0.0 ]
4 THINK  [ 179.42781, 153.41673, 0.0 ] 32 [ 179.42781, 153.41673, 0.0 ]
4 GOT  [ 160.24236, 80.8306, 0.0 ] 33 [ 160.24236, 80.8306, 0.0 ]
4 SURFACE  [ 278.37112, 73.32018, 0.0 ] 34 [ 278.37112, 73.32018, 0.0 ]
4 MEAN  [ 120.79192, 104.57162, 0.0 ] 35 [ 120.79192, 104.57162, 0.0 ]
4 LITTLE  [ 54.365364, 28.774164, 0.0 ] 36 [ 54.365364, 28.774164, 0.0 ]
4 CROWD  [ 105.048546, 24.621258, 0.0 ] 37 [ 105.048546, 24.621258, 0.0 ]
4 TAKES  [ 181.92114, 196.29199, 0.0 ] 38 [ 181.92114, 196.29199, 0.0 ]
4 WAIT  [ 158.45096, 4.1316, 0.0 ] 39 [ 158.45096, 4.1316, 0.0 ]
4 TIME  [ 234.19768, 21.254128, 0.0 ] 40 [ 234.19768, 21.254128, 0.0 ]
4 CUT  [ 158.01883, 167.96103, 0.0 ] 41 [ 158.01883, 167.96103, 0.0 ]
4 HERMES  [ 100.01438, 53.07575, 0.0 ] 42 [ 100.01438, 53.07575, 0.0 ]
4 WINCH  [ 41.804043, 107.4324, 0.0 ] 43 [ 41.804043, 107.4324, 0.0 ]
4 OPEN  [ 188.8186, 165.90924, 0.0 ] 44 [ 188.8186, 165.90924, 0.0 ]
4 SHOW  [ 120.518616, 30.053745, 0.0 ] 45 [ 120.518616, 30.053745, 0.0 ]
4 TOWARDS  [ 304.19977, 36.840366, 0.0 ] 46 [ 304.19977, 36.840366, 0.0 ]
4 SORRY  [ 169.67052, 189.25475, 0.0 ] 47 [ 169.67052, 189.25475, 0.0 ]
4 SHIP  [ 51.16859, 65.72178, 0.0 ] 48 [ 51.16859, 65.72178, 0.0 ]
4 FACE  [ 42.8761, 138.40492, 0.0 ] 49 [ 42.8761, 138.40492, 0.0 ]
4 YES  [ 216.59383, 50.084297, 0.0 ] 50 [ 216.59383, 50.084297, 0.0 ]
4 EARTH  [ 163.32063, 161.52226, 0.0 ] 51 [ 163.32063, 161.52226, 0.0 ]
4 UH  [ 78.96218, 207.46095, 0.0 ] 52 [ 78.96218, 207.46095, 0.0 ]
4 GREAT  [ 115.93103, 5.9599833, 0.0 ] 53 [ 115.93103, 5.9599833, 0.0 ]
4 COCKPIT  [ 290.7535, 79.840706, 0.0 ] 54 [ 290.7535, 79.840706, 0.0 ]
4 OLD  [ 171.29465, 124.67701, 0.0 ] 55 [ 171.29465, 124.67701, 0.0 ]
4 CREW  [ 43.581215, 55.355892, 0.0 ] 56 [ 43.581215, 55.355892, 0.0 ]
4 REALLY  [ 82.24627, 32.856956, 0.0 ] 57 [ 82.24627, 32.856956, 0.0 ]
4 ROBOTS  [ 134.01028, 208.74777, 0.0 ] 58 [ 134.01028, 208.74777, 0.0 ]
4 ELDER  [ 119.522285, 223.17659, 0.0 ] 59 [ 119.522285, 223.17659, 0.0 ]
4 MAYOR  [ 77.774734, 8.105294, 0.0 ] 60 [ 77.774734, 8.105294, 0.0 ]
4 BLUE  [ 8.285834, 135.35359, 0.0 ] 61 [ 8.285834, 135.35359, 0.0 ]
4 GUARDBOT  [ 184.0298, 4.1619444, 0.0 ] 62 [ 184.0298, 4.1619444, 0.0 ]
4 ALRIGHT  [ 124.28835, 69.88758, 0.0 ] 63 [ 124.28835, 69.88758, 0.0 ]
4 CHAPEK  [ 16.995293, 73.74592, 0.0 ] 64 [ 16.995293, 73.74592, 0.0 ]
4 WORK  [ 45.033676, 3.7113564, 0.0 ] 65 [ 45.033676, 3.7113564, 0.0 ]
4 WENDY  [ 216.09422, 224.10486, 0.0 ] 66 [ 216.09422, 224.10486, 0.0 ]
4 COMPLEX  [ 193.24184, 216.6072, 0.0 ] 67 [ 193.24184, 216.6072, 0.0 ]
4 SILENCE  [ 203.1091, 28.908491, 0.0 ] 68 [ 203.1091, 28.908491, 0.0 ]
4 PITCH  [ 118.01646, 89.77335, 0.0 ] 69 [ 118.01646, 89.77335, 0.0 ]
4 JUDGE  [ 121.2933, 182.16962, 0.0 ] 70 [ 121.2933, 182.16962, 0.0 ]
4 KILL  [ 62.06308, 4.3282733, 0.0 ] 71 [ 62.06308, 4.3282733, 0.0 ]
4 PLAYER  [ 29.537266, 102.35342, 0.0 ] 72 [ 29.537266, 102.35342, 0.0 ]
4 CHEERS  [ 90.21193, 228.99934, 0.0 ] 73 [ 90.21193, 228.99934, 0.0 ]
4 MOVIE  [ 287.86575, 112.923744, 0.0 ] 74 [ 287.86575, 112.923744, 0.0 ]
4 BALL  [ 62.181114, 222.05644, 0.0 ] 75 [ 62.181114, 222.05644, 0.0 ]
4 ELDERS  [ 175.12415, 70.8949, 0.0 ] 76 [ 175.12415, 70.8949, 0.0 ]
4 THINGS  [ 173.15804, 223.10727, 0.0 ] 77 [ 173.15804, 223.10727, 0.0 ]
4 TAKE  [ 97.579636, 212.72215, 0.0 ] 78 [ 97.579636, 212.72215, 0.0 ]
4 BASEBALL  [ 167.86343, 231.11902, 0.0 ] 79 [ 167.86343, 231.11902, 0.0 ]
4 HIT  [ 126.59442, 132.53456, 0.0 ] 80 [ 126.59442, 132.53456, 0.0 ]
4 FILE  [ 14.127465, 155.41035, 0.0 ] 81 [ 14.127465, 155.41035, 0.0 ]
4 ENTER  [ 75.56877, 20.434734, 0.0 ] 82 [ 75.56877, 20.434734, 0.0 ]
4 AWW  [ 194.56781, 79.25304, 0.0 ] 83 [ 194.56781, 79.25304, 0.0 ]
4 BRING  [ 207.90715, 122.5222, 0.0 ] 84 [ 207.90715, 122.5222, 0.0 ]
4 GREEN  [ 266.75412, 6.8962927, 0.0 ] 85 [ 266.75412, 6.8962927, 0.0 ]
4 SOMETHING  [ 234.00777, 10.512748, 0.0 ] 86 [ 234.00777, 10.512748, 0.0 ]
4 FRIENDS  [ 190.84068, 88.68066, 0.0 ] 87 [ 190.84068, 88.68066, 0.0 ]
4 HELP  [ 45.045784, 34.185215, 0.0 ] 88 [ 45.045784, 34.185215, 0.0 ]
4 WALK  [ 212.88504, 209.85857, 0.0 ] 89 [ 212.88504, 209.85857, 0.0 ]
4 STUPID  [ 6.5424953, 120.832054, 0.0 ] 90 [ 6.5424953, 120.832054, 0.0 ]
4 FIRE  [ 73.809685, 66.51558, 0.0 ] 91 [ 73.809685, 66.51558, 0.0 ]
4 TRY  [ 195.12024, 106.50594, 0.0 ] 92 [ 195.12024, 106.50594, 0.0 ]
4 BLERNS  [ 56.611725, 231.43257, 0.0 ] 93 [ 56.611725, 231.43257, 0.0 ]
4 BLERN  [ 197.02727, 232.13235, 0.0 ] 94 [ 197.02727, 232.13235, 0.0 ]
4 GOD  [ 109.61636, 192.79839, 0.0 ] 95 [ 109.61636, 192.79839, 0.0 ]
4 MADE  [ 34.5627, 22.430197, 0.0 ] 96 [ 34.5627, 22.430197, 0.0 ]
4 RUN  [ 7.096095, 108.29545, 0.0 ] 97 [ 7.096095, 108.29545, 0.0 ]
4 LUG  [ 16.785906, 172.20815, 0.0 ] 98 [ 16.785906, 172.20815, 0.0 ]
4 REST  [ 142.10498, 91.36077, 0.0 ] 99 [ 142.10498, 91.36077, 0.0 ]
