0 MAY  [ 106.3107, 96.13809, 0.0 ] 0 [ 106.3107, 96.13809, 0.0 ]
0 SUPERVISOR  [ 222.14732, 36.715954, 0.0 ] 1 [ 222.14732, 36.715954, 0.0 ]
0 READING  [ 69.55526, 29.08946, 0.0 ] 2 [ 142.0, 20.0, 0.0 ]
0 SUGGESTED  [ 109.468666, 179.6209, 0.0 ] 3 [ 52.0, 127.0, 0.0 ]
0 EQUATIONS  [ 27.952957, 4.3582306, 0.0 ] 4 [ 63.0, 108.0, 0.0 ]
0 LOOK  [ -59.66223, 61.889652, 0.0 ] 5 [ 48.0, 116.0, 0.0 ]
0 EXAMPLES  [ 113.13102, 206.29436, 0.0 ] 6 [ 82.0, 114.0, 0.0 ]
0 FIELDS  [ 116.4959, -29.187057, 0.0 ] 7 [ 87.0, 84.0, 0.0 ]
0 MAS  [ 110.201164, 45.104084, 0.0 ] 8 [ 86.0, 106.0, 0.0 ]
0 AUTHORS  [ 39.11242, 102.45181, 0.0 ] 9 [ 139.0, 32.0, 0.0 ]
0 EVEN  [ 74.68544, 244.9815, 0.0 ] 10 [ 113.0, 128.0, 0.0 ]
0 SIMILARITIES  [ 59.159966, 282.99463, 0.0 ] 11 [ 79.0, 143.0, 0.0 ]
0 ROBOT  [ 241.07065, 99.8103, 0.0 ] 12 [ 97.0, 96.0, 0.0 ]
0 REALLY  [ 15.187653, 102.200714, 0.0 ] 13 [ 137.0, 62.0, 0.0 ]
0 PROPERTIES  [ -72.623825, 40.89129, 0.0 ] 14 [ 61.0, 106.0, 0.0 ]
1 SUPERVISOR  [ 223.14526, 36.71439, 0.0 ] 0 [ 223.14526, 36.71439, 0.0 ]
1 SELF-ORGANIZATION  [ 148.0, -58.0, 0.0 ] 1 [ 147.0, -58.0, 0.0 ]
1 CHECK  [ -55.66648, 142.56358, 0.0 ] 2 [ 47.0, 115.0, 0.0 ]
1 OXFORD  [ 176.35068, 27.443457, 0.0 ] 3 [ 121.0, 29.0, 0.0 ]
1 READ  [ 58.31089, -8.485279, 0.0 ] 4 [ 70.0, 53.0, 0.0 ]
1 INFORMATION  [ 179.26807, 216.4383, 0.0 ] 5 [ 89.0, 118.0, 0.0 ]
1 LAW  [ 112.9529, 41.35826, 0.0 ] 6 [ 140.0, 59.0, 0.0 ]
1 ARTIFICIAL  [ 30.597466, -8.181065, 0.0 ] 7 [ 122.0, 49.0, 0.0 ]
1 APPLICATION  [ 179.53917, 7.9053726, 0.0 ] 8 [ 75.0, 97.0, 0.0 ]
1 ERLBAUM  [ -3.5990524, 189.4337, 0.0 ] 9 [ 107.0, 138.0, 0.0 ]
1 APPROACHED  [ 178.26323, 241.74548, 0.0 ] 10 [ 99.0, 146.0, 0.0 ]
1 HOMEOKINETIC  [ 177.44646, -15.563812, 0.0 ] 11 [ 82.0, 102.0, 0.0 ]
1 HILLSDATE  [ -0.9343796, 213.74771, 0.0 ] 12 [ 80.0, 101.0, 0.0 ]
1 FIND  [ -68.853, 107.606415, 0.0 ] 13 [ 74.0, 99.0, 0.0 ]
1 ADDON  [ 243.09799, 94.44251, 0.0 ] 14 [ 94.0, 107.0, 0.0 ]
2 SUPERVISOR  [ 223.64426, 36.71361, 0.0 ] 0 [ 223.64426, 36.71361, 0.0 ]
2 INSTABILITY  [ -29.321861, 99.695526, 0.0 ] 1 [ 35.0, 107.0, 0.0 ]
2 SYMMETRY  [ 48.736706, 133.64145, 0.0 ] 2 [ 60.0, 127.0, 0.0 ]
2 DIRECT  [ 69.41829, 69.25026, 0.0 ] 3 [ 77.0, 107.0, 0.0 ]
2 EQUILIBRIUM  [ 38.65458, 160.15813, 0.0 ] 4 [ 38.0, 123.0, 0.0 ]
2 SIMULATION  [ 247.5415, 35.04841, 0.0 ] 5 [ 170.0, 33.0, 0.0 ]
2 STREET  [ 79.52357, 36.175583, 0.0 ] 6 [ 87.0, 85.0, 0.0 ]
2 TRAFFIC  [ 27.131927, -50.17112, 0.0 ] 7 [ 119.0, 49.0, 0.0 ]
2 TRIGGER  [ 58.49285, 9.846214, 0.0 ] 8 [ 79.0, 94.0, 0.0 ]
2 7/10/12  [ 86.63395, 186.42566, 0.0 ] 9 [ 109.0, 132.0, 0.0 ]
2 FINE  [ 272.06537, 67.90004, 0.0 ] 10 [ 178.0, 88.0, 0.0 ]
2 ORGANIZATION  [ 95.4959, -12.1870575, 0.0 ] 11 [ 66.0, 101.0, 0.0 ]
2 BREAKING  [ 42.662365, 218.38803, 0.0 ] 12 [ 73.0, 99.0, 0.0 ]
2 PEOPLE  [ 3.4345703, 136.23727, 0.0 ] 13 [ 97.0, 48.0, 0.0 ]
2 WRITE  [ 311.08282, 35.34095, 0.0 ] 14 [ 137.0, 54.0, 0.0 ]
3 MAY  [ 107.30972, 96.14024, 0.0 ] 0 [ 107.30972, 96.14024, 0.0 ]
3 THINGS  [ 68.55526, 35.089462, 0.0 ] 1 [ 141.0, 26.0, 0.0 ]
3 PROJECT  [ 108.251785, 145.76541, 0.0 ] 2 [ 65.0, 120.0, 0.0 ]
3 CONSIDER  [ 108.12261, 64.992676, 0.0 ] 3 [ 54.0, 107.0, 0.0 ]
3 DIFFERENT  [ 110.80289, 181.78757, 0.0 ] 4 [ 39.0, 124.0, 0.0 ]
3 ONE  [ 123.493645, 24.884483, 0.0 ] 5 [ 127.0, 108.0, 0.0 ]
3 USED  [ 95.421875, -10.902794, 0.0 ] 6 [ 101.0, 84.0, 0.0 ]
3 CERTAIN  [ 119.46266, 206.72632, 0.0 ] 7 [ 73.0, 114.0, 0.0 ]
3 CARS  [ 221.42188, 111.20985, 0.0 ] 8 [ 98.0, 91.0, 0.0 ]
3 RATHER  [ 137.34187, 233.74736, 0.0 ] 9 [ 105.0, 135.0, 0.0 ]
3 WORK  [ 102.86902, 260.26538, 0.0 ] 10 [ 125.0, 139.0, 0.0 ]
3 CLUSTERING  [ 45.7203, 9.559811, 0.0 ] 11 [ 165.0, 30.0, 0.0 ]
3 E.G  [ 222.18288, 21.312042, 0.0 ] 12 [ 108.0, 92.0, 0.0 ]
3 NEEDS  [ 60.34925, -41.490845, 0.0 ] 13 [ 65.0, 101.0, 0.0 ]
3 REALISTIC  [ -26.162544, 235.82475, 0.0 ] 14 [ 78.0, 107.0, 0.0 ]
